,hr,casual,registered,cnt
0,0,3,13,16
1,1,8,32,40
2,2,5,27,32
3,3,3,10,13
4,4,0,1,1
5,5,0,1,1
6,6,2,0,2
7,7,1,2,3
8,8,1,7,8
9,9,8,6,14
10,10,12,24,36
11,11,26,30,56
12,12,29,55,84
13,13,47,47,94
14,14,35,71,106
15,15,40,70,110
16,16,41,52,93
17,17,15,52,67
18,18,9,26,35
19,19,6,31,37
20,20,11,25,36
21,21,3,31,34
22,22,11,17,28
23,23,15,24,39
24,0,4,13,17
25,1,1,16,17
26,2,1,8,9
27,3,2,4,6
28,4,2,1,3
29,6,0,2,2
30,7,0,1,1
31,8,0,8,8
32,9,1,19,20
33,10,7,46,53
34,11,16,54,70
35,12,20,73,93
36,13,11,64,75
37,14,4,55,59
38,15,19,55,74
39,16,9,67,76
40,17,7,58,65
41,18,10,43,53
42,19,1,29,30
43,20,5,17,22
44,21,11,20,31
45,22,0,9,9
46,23,0,8,8
47,0,0,5,5
48,1,0,2,2
49,4,0,1,1
50,5,0,3,3
51,6,0,30,30
52,7,1,63,64
53,8,1,153,154
54,9,7,81,88
55,10,11,33,44
56,11,10,41,51
57,12,13,48,61
58,13,8,53,61
59,14,11,66,77
60,15,14,58,72
61,16,9,67,76
62,17,11,146,157
63,18,9,148,157
64,19,8,102,110
65,20,3,49,52
66,21,3,49,52
67,22,0,20,20
68,23,1,11,12
69,0,0,5,5
70,1,0,2,2
71,2,0,1,1
72,4,0,2,2
73,5,0,4,4
74,6,0,36,36
75,7,2,92,94
76,8,2,177,179
77,9,2,98,100
78,10,5,37,42
79,11,7,50,57
80,12,12,66,78
81,13,18,79,97
82,14,9,54,63
83,15,17,48,65
84,16,15,68,83
85,17,10,202,212
86,18,3,179,182
87,19,2,110,112
88,20,1,53,54
89,21,0,48,48
90,22,1,34,35
91,23,2,9,11
92,0,0,6,6
93,1,0,6,6
94,2,0,2,2
95,4,0,2,2
96,5,0,3,3
97,6,0,33,33
98,7,1,87,88
99,8,3,192,195
100,9,6,109,115
101,10,4,53,57
102,11,12,34,46
103,12,5,74,79
104,13,6,65,71
105,14,10,52,62
106,15,7,55,62
107,16,4,85,89
108,17,4,186,190
109,18,3,166,169
110,19,5,127,132
111,20,7,82,89
112,21,3,40,43
113,22,1,41,42
114,23,1,18,19
115,0,0,11,11
116,1,0,4,4
117,2,0,2,2
118,4,0,1,1
119,5,0,4,4
120,6,0,36,36
121,7,0,95,95
122,8,3,216,219
123,9,6,116,122
124,10,3,42,45
125,11,2,57,59
126,12,6,78,84
127,13,12,55,67
128,14,11,59,70
129,15,8,54,62
130,16,12,74,86
131,17,9,163,172
132,18,5,158,163
133,19,3,109,112
134,20,3,66,69
135,21,0,48,48
136,22,1,51,52
137,23,4,19,23
138,0,4,13,17
139,1,2,5,7
140,2,0,1,1
141,4,0,1,1
142,5,0,5,5
143,6,8,26,34
144,7,8,76,84
145,8,20,190,210
146,9,9,125,134
147,10,16,47,63
148,11,19,48,67
149,12,9,50,59
150,13,9,64,73
151,14,7,43,50
152,15,9,63,72
153,16,5,82,87
154,17,9,178,187
155,18,7,116,123
156,19,3,92,95
157,20,1,50,51
158,21,0,39,39
159,22,2,34,36
160,23,1,14,15
161,0,1,24,25
162,1,1,15,16
163,2,3,13,16
164,3,0,7,7
165,4,0,1,1
166,5,0,5,5
167,6,0,2,2
168,7,1,8,9
169,8,0,15,15
170,9,0,20,20
171,10,5,56,61
172,11,2,60,62
173,12,8,90,98
174,13,7,95,102
175,14,12,83,95
176,15,5,69,74
177,16,8,68,76
178,17,5,64,69
179,18,3,52,55
180,19,4,26,30
181,20,0,28,28
182,21,2,35,37
183,22,1,33,34
184,23,0,22,22
185,0,1,24,25
186,1,0,12,12
187,2,0,11,11
188,3,0,4,4
189,4,0,1,1
190,5,0,1,1
191,6,0,1,1
192,7,1,5,6
193,8,0,10,10
194,9,0,19,19
195,10,0,49,49
196,11,2,47,49
197,12,4,79,83
198,13,6,69,75
199,14,8,64,72
200,15,5,77,82
201,16,13,79,92
202,17,3,59,62
203,18,4,44,48
204,19,1,40,41
205,20,0,38,38
206,21,1,19,20
207,22,5,10,15
208,23,0,6,6
209,0,2,3,5
210,1,1,0,1
211,2,0,3,3
212,3,0,1,1
213,4,1,2,3
214,5,0,3,3
215,6,0,31,31
216,7,2,75,77
217,8,4,184,188
218,9,2,92,94
219,10,0,31,31
220,11,2,28,30
221,12,5,47,52
222,13,4,50,54
223,14,0,47,47
224,15,2,43,45
225,16,4,70,74
226,17,4,174,178
227,18,1,154,155
228,19,3,92,95
229,20,1,73,74
230,21,1,37,38
231,22,2,22,24
232,23,0,18,18
233,0,2,10,12
234,1,0,3,3
235,2,0,3,3
236,5,0,6,6
237,6,0,27,27
238,7,2,97,99
239,8,3,214,217
240,9,3,127,130
241,10,3,51,54
242,11,4,31,35
243,12,2,55,57
244,13,6,46,52
245,14,3,60,63
246,15,2,45,47
247,16,4,72,76
248,17,6,130,136
249,18,1,94,95
250,19,0,51,51
251,20,0,32,32
252,21,0,20,20
253,22,1,28,29
254,23,1,18,19
255,0,0,7,7
256,1,0,6,6
257,2,0,1,1
258,5,0,5,5
259,6,0,16,16
260,7,0,54,54
261,8,3,125,128
262,9,3,78,81
263,10,0,39,39
264,11,3,32,35
265,12,3,52,55
266,13,0,49,49
267,14,0,44,44
268,15,1,48,49
269,16,5,63,68
270,17,0,139,139
271,18,2,135,137
272,19,1,82,83
273,20,2,54,56
274,21,0,57,57
275,22,1,32,33
276,23,1,19,20
277,0,1,6,7
278,1,0,2,2
279,2,0,2,2
280,3,0,3,3
281,4,0,4,4
282,5,0,3,3
283,6,0,28,28
284,7,0,72,72
285,8,5,197,202
286,9,2,137,139
287,10,2,36,38
288,11,4,33,37
289,12,3,49,52
290,13,2,81,83
291,14,3,39,42
292,15,5,55,60
293,16,2,76,78
294,17,4,158,162
295,18,3,141,144
296,19,1,98,99
297,20,0,64,64
298,21,0,40,40
299,22,0,30,30
300,23,1,14,15
301,0,0,14,14
302,1,0,5,5
303,2,0,1,1
304,3,0,1,1
305,5,0,8,8
306,6,0,17,17
307,7,0,70,70
308,8,2,156,158
309,9,0,117,117
310,10,4,40,44
311,11,6,47,53
312,12,2,59,61
313,13,4,73,77
314,14,5,59,64
315,15,9,59,68
316,16,3,87,90
317,17,4,155,159
318,18,5,134,139
319,19,3,89,92
320,20,0,68,68
321,21,4,48,52
322,22,2,34,36
323,23,1,26,27
324,0,3,25,28
325,1,2,18,20
326,2,0,12,12
327,3,1,7,8
328,4,0,5,5
329,5,0,1,1
330,6,1,2,3
331,7,1,9,10
332,8,1,22,23
333,9,2,31,33
334,10,2,57,59
335,11,18,54,72
336,12,15,74,89
337,13,21,80,101
338,14,26,92,118
339,15,21,108,129
340,16,33,95,128
341,17,29,54,83
342,18,15,69,84
343,19,14,60,74
344,20,6,35,41
345,21,6,51,57
346,22,0,26,26
347,23,5,39,44
348,0,6,33,39
349,1,4,19,23
350,2,3,13,16
351,3,9,6,15
352,4,0,1,1
353,5,1,1,2
354,6,0,1,1
355,7,0,3,3
356,8,0,18,18
357,9,3,29,32
358,10,8,71,79
359,11,23,70,93
360,12,29,75,104
361,13,23,95,118
362,14,22,69,91
363,15,35,78,113
364,16,22,77,99
365,17,23,82,105
366,18,11,56,67
367,19,14,47,61
368,20,7,50,57
369,21,6,22,28
370,22,2,19,21
371,23,0,18,18
372,0,1,16,17
373,1,1,15,16
374,2,0,8,8
375,3,0,2,2
376,4,1,2,3
377,5,0,1,1
378,6,0,5,5
379,7,4,9,13
380,8,3,30,33
381,9,8,39,47
382,10,7,50,57
383,11,9,55,64
384,12,10,70,80
385,13,13,80,93
386,14,12,74,86
387,15,21,72,93
388,16,6,76,82
389,17,4,67,71
390,18,7,85,92
391,19,2,58,60
392,20,4,29,33
393,21,3,24,27
394,22,0,13,13
395,23,1,3,4
396,12,0,3,3
397,13,0,22,22
398,14,2,26,28
399,15,3,32,35
400,16,0,61,61
401,17,1,124,125
402,18,1,132,133
403,19,1,98,99
404,20,0,83,83
405,21,0,41,41
406,22,0,33,33
407,23,1,19,20
408,0,0,3,3
409,1,1,6,7
410,2,0,3,3
411,4,1,1,2
412,5,0,7,7
413,6,0,32,32
414,7,1,89,90
415,8,1,196,197
416,9,2,107,109
417,10,1,46,47
418,11,5,47,52
419,12,5,65,70
420,13,11,67,78
421,14,7,68,75
422,15,4,78,82
423,16,10,94,104
424,17,7,190,197
425,18,5,156,161
426,19,4,108,112
427,20,2,74,76
428,21,4,55,59
429,22,6,53,59
430,23,1,27,28
431,0,5,8,13
432,1,2,3,5
433,2,0,2,2
434,3,0,1,1
435,4,0,1,1
436,5,0,6,6
437,6,0,35,35
438,7,1,100,101
439,8,2,247,249
440,9,3,140,143
441,10,1,56,57
442,11,5,63,68
443,12,7,77,84
444,13,12,86,98
445,14,6,75,81
446,15,8,62,70
447,16,8,83,91
448,17,8,207,215
449,18,1,184,185
450,19,6,146,152
451,20,2,124,126
452,21,3,54,57
453,22,0,56,56
454,23,3,28,31
455,0,1,20,21
456,1,0,6,6
457,2,0,2,2
458,3,0,1,1
459,4,0,1,1
460,5,1,4,5
461,6,0,27,27
462,7,2,66,68
463,8,7,210,217
464,9,7,159,166
465,10,6,57,63
466,11,6,53,59
467,12,11,67,78
468,13,8,65,73
469,14,6,56,62
470,15,4,61,65
471,16,0,97,97
472,17,10,151,161
473,18,1,119,120
474,19,3,93,96
475,20,1,52,53
476,21,0,41,41
477,22,1,33,34
478,23,0,27,27
479,0,0,13,13
480,1,3,9,12
481,2,0,11,11
482,3,1,6,7
483,4,0,3,3
484,6,0,2,2
485,7,0,8,8
486,8,1,26,27
487,9,3,37,40
488,10,3,50,53
489,11,4,59,63
490,12,10,60,70
491,13,12,72,84
492,14,11,64,75
493,15,10,93,103
494,16,11,72,83
495,17,8,59,67
496,18,0,54,54
497,19,6,53,59
498,20,1,44,45
499,21,0,39,39
500,22,7,23,30
501,23,2,31,33
502,0,2,20,22
503,1,1,12,13
504,2,3,15,18
505,3,1,4,5
506,5,0,3,3
507,6,0,1,1
508,7,1,1,2
509,8,2,17,19
510,9,3,25,28
511,10,7,51,58
512,11,22,77,99
513,12,24,92,116
514,13,12,75,87
515,14,17,93,110
516,15,13,64,77
517,16,9,56,65
518,17,5,50,55
519,18,5,44,49
520,19,5,45,50
521,20,4,31,35
522,21,5,20,25
523,22,5,23,28
524,23,4,17,21
525,0,0,7,7
526,1,0,1,1
527,3,0,1,1
528,4,0,1,1
529,5,0,5,5
530,6,0,15,15
531,7,5,79,84
532,8,6,171,177
533,9,4,98,102
534,10,6,34,40
535,11,3,43,46
536,12,11,52,63
537,13,6,54,60
538,14,2,43,45
539,15,7,50,57
540,16,4,66,70
541,17,6,178,184
542,18,8,145,153
543,19,5,101,106
544,20,1,80,81
545,21,6,53,59
546,22,3,32,35
547,23,3,21,24
548,0,3,6,9
549,1,0,5,5
550,2,0,2,2
551,4,0,1,1
552,5,0,9,9
553,6,1,35,36
554,7,5,103,108
555,8,5,233,238
556,9,10,134,144
557,10,6,49,55
558,11,6,55,61
559,12,21,85,106
560,13,21,72,93
561,14,11,57,68
562,15,21,63,84
563,16,14,102,116
564,17,14,208,222
565,18,7,218,225
566,19,13,133,146
567,20,16,103,119
568,21,5,40,45
569,22,4,49,53
570,23,3,37,40
571,0,3,14,17
572,1,0,5,5
573,2,3,7,10
574,5,0,1,1
575,6,0,8,8
576,7,1,29,30
577,8,3,69,72
578,9,3,55,58
579,10,2,26,28
580,11,6,35,41
581,12,7,41,48
582,13,4,43,47
583,14,0,36,36
584,15,1,42,43
585,16,1,35,36
586,17,0,26,26
587,16,1,23,24
588,17,2,82,84
589,18,3,101,104
590,19,3,76,79
591,20,4,55,59
592,21,2,36,38
593,22,0,27,27
594,23,0,16,16
595,0,0,9,9
596,1,1,2,3
597,2,0,2,2
598,3,1,0,1
599,5,0,4,4
600,6,0,16,16
601,7,2,58,60
602,8,2,155,157
603,9,6,95,101
604,10,0,49,49
605,11,0,30,30
606,12,1,28,29
607,13,0,31,31
608,14,2,36,38
609,15,1,40,41
610,16,10,70,80
611,17,2,147,149
612,18,2,107,109
613,19,5,84,89
614,20,1,61,62
615,21,1,57,58
616,22,0,26,26
617,23,1,22,23
618,0,2,26,28
619,1,0,20,20
620,2,0,15,15
621,3,3,5,8
622,4,1,2,3
623,6,0,2,2
624,7,1,4,5
625,8,3,31,34
626,9,0,34,34
627,10,4,51,55
628,11,4,60,64
629,12,12,66,78
630,13,9,56,65
631,14,10,89,99
632,15,22,98,120
633,16,19,88,107
634,17,9,82,91
635,18,9,59,68
636,19,6,52,58
637,20,1,42,43
638,21,1,35,36
639,22,4,28,32
640,23,3,30,33
641,0,0,33,33
642,1,7,22,29
643,2,1,10,11
644,3,1,7,8
645,4,0,1,1
646,5,0,3,3
647,7,0,3,3
648,8,1,11,12
649,9,4,34,38
650,10,7,57,64
651,11,9,50,59
652,12,10,87,97
653,13,13,71,84
654,14,18,104,122
655,15,14,95,109
656,16,19,104,123
657,17,6,71,77
658,18,8,57,65
659,19,9,46,55
660,20,3,30,33
661,21,3,25,28
662,22,2,19,21
663,23,5,16,21
664,0,1,6,7
665,1,2,5,7
666,2,0,1,1
667,3,0,2,2
668,4,0,2,2
669,5,0,8,8
670,6,0,37,37
671,7,1,71,72
672,8,3,182,185
673,9,0,112,112
674,10,1,68,69
675,11,2,46,48
676,12,6,62,68
677,13,2,52,54
678,14,1,85,86
679,15,3,41,44
680,16,3,83,86
681,17,6,155,161
682,18,3,153,156
683,19,3,108,111
684,20,0,78,78
685,21,3,53,56
686,22,0,34,34
687,23,2,15,17
688,0,2,6,8
689,1,0,3,3
690,2,0,2,2
691,3,0,2,2
692,5,0,3,3
693,6,0,22,22
694,7,0,52,52
695,8,3,132,135
696,9,2,114,116
697,10,0,47,47
698,11,2,49,51
699,12,2,53,55
700,13,3,49,52
701,14,5,49,54
702,15,7,45,52
703,16,3,61,64
704,17,4,172,176
705,18,3,165,168
706,19,3,105,108
707,20,5,69,74
708,21,0,64,64
709,22,2,34,36
710,23,1,15,16
711,0,0,2,2
712,1,0,3,3
713,2,4,0,4
714,3,0,1,1
715,4,0,1,1
716,5,0,3,3
717,6,1,17,18
718,7,1,48,49
719,8,1,154,155
720,9,4,119,123
721,10,2,59,61
722,11,5,47,52
723,12,3,61,64
724,13,1,74,75
725,14,2,61,63
726,15,10,66,76
727,16,8,95,103
728,17,7,183,190
729,18,7,175,182
730,19,3,88,91
731,20,4,71,75
732,21,1,62,63
733,22,5,35,40
734,23,3,29,32
735,0,1,11,12
736,1,0,5,5
737,2,0,2,2
738,3,0,1,1
739,5,0,2,2
740,6,0,39,39
741,7,1,86,87
742,8,4,184,188
743,9,6,127,133
744,10,2,50,52
745,11,9,55,64
746,12,2,67,69
747,13,4,47,51
748,14,4,43,47
749,15,4,56,60
750,16,5,73,78
751,17,5,170,175
752,18,2,145,147
753,19,4,92,96
754,20,1,108,109
755,21,1,53,54
756,22,2,39,41
757,23,4,34,38
758,0,3,10,13
759,1,0,7,7
760,2,0,1,1
761,3,0,1,1
762,5,0,7,7
763,6,2,26,28
764,7,0,87,87
765,8,3,217,220
766,9,3,124,127
767,10,5,46,51
768,11,3,61,64
769,12,8,78,86
770,13,9,73,82
771,14,15,76,91
772,15,9,81,90
773,16,8,91,99
774,17,10,195,205
775,18,3,152,155
776,19,1,102,103
777,20,2,69,71
778,21,2,41,43
779,22,1,45,46
780,23,1,30,31
781,0,3,36,39
782,1,1,17,18
783,2,5,12,17
784,3,1,10,11
785,4,0,8,8
786,5,0,9,9
787,6,0,4,4
788,7,0,4,4
789,8,0,10,10
790,9,3,17,20
791,10,3,31,34
792,11,1,46,47
793,12,10,42,52
794,13,10,62,72
795,14,5,50,55
796,15,11,49,60
797,16,8,63,71
798,17,14,64,78
799,18,2,81,83
800,19,6,78,84
801,20,5,64,69
802,21,3,53,56
803,22,2,43,45
804,23,7,52,59
805,0,2,37,39
806,1,4,40,44
807,2,0,20,20
808,3,3,10,13
809,4,0,2,2
810,5,0,1,1
811,6,0,1,1
812,7,0,8,8
813,8,2,21,23
814,9,7,38,45
815,10,15,74,89
816,11,28,89,117
817,12,48,126,174
818,13,47,135,182
819,14,47,114,161
820,15,52,130,182
821,16,42,115,157
822,17,24,97,121
823,18,13,65,78
824,19,1,20,21
825,20,5,21,26
826,21,5,22,27
827,22,5,57,62
828,23,4,26,30
829,0,1,14,15
830,1,1,4,5
831,2,0,3,3
832,3,0,1,1
833,4,1,1,2
834,5,1,9,10
835,6,1,29,30
836,7,6,89,95
837,8,7,223,230
838,9,3,115,118
839,10,6,49,55
840,11,11,36,47
841,12,7,59,66
842,13,10,54,64
843,14,8,52,60
844,15,4,46,50
845,16,16,98,114
846,17,9,207,216
847,18,5,170,175
848,19,5,123,128
849,20,6,82,88
850,21,3,75,78
851,22,3,34,37
852,23,6,19,25
853,0,4,6,10
854,1,0,4,4
855,2,1,1,2
856,3,0,1,1
857,4,0,3,3
858,5,0,2,2
859,6,0,39,39
860,7,3,97,100
861,8,7,236,243
862,9,7,128,135
863,10,4,44,48
864,11,1,49,50
865,12,2,63,65
866,13,2,48,50
867,14,3,61,64
868,15,6,45,51
869,16,4,79,83
870,17,4,172,176
871,18,1,151,152
872,19,1,100,101
873,20,3,53,56
874,21,8,46,54
875,22,0,29,29
876,23,3,9,12
877,0,0,17,17
878,1,0,7,7
879,2,1,2,3
880,3,0,2,2
881,5,0,7,7
882,6,0,43,43
883,7,4,95,99
884,8,1,198,199
885,9,4,119,123
886,10,8,51,59
887,11,1,40,41
888,12,4,57,61
889,13,2,67,69
890,14,2,56,58
891,15,3,61,64
892,16,7,72,79
893,17,9,157,166
894,18,2,168,170
895,19,1,87,88
896,20,0,84,84
897,21,0,83,83
898,22,4,42,46
899,23,0,37,37
900,0,0,16,16
901,1,0,7,7
902,2,0,3,3
903,4,0,1,1
904,5,0,6,6
905,6,0,26,26
906,7,0,99,99
907,8,5,173,178
908,9,1,121,122
909,10,1,34,35
910,11,1,44,45
911,12,4,65,69
912,13,3,59,62
913,14,6,42,48
914,15,0,50,50
915,16,4,76,80
916,17,6,159,165
917,18,3,157,160
918,19,2,110,112
919,20,4,93,97
920,21,2,70,72
921,22,4,47,51
922,23,1,33,34
923,0,2,12,14
924,1,1,6,7
925,2,0,3,3
926,5,0,4,4
927,6,1,23,24
928,7,1,73,74
929,8,4,212,216
930,9,8,132,140
931,10,5,39,44
932,11,12,52,64
933,12,7,64,71
934,13,21,89,110
935,14,17,67,84
936,15,12,62,74
937,16,14,111,125
938,17,18,193,211
939,18,9,165,174
940,19,7,94,101
941,20,2,61,63
942,21,1,46,47
943,22,2,41,43
944,23,5,48,53
945,0,3,27,30
946,1,2,22,24
947,2,2,13,15
948,3,3,7,10
949,4,0,4,4
950,5,0,1,1
951,6,1,1,2
952,7,2,9,11
953,8,2,28,30
954,9,5,38,43
955,10,13,71,84
956,11,30,84,114
957,12,27,93,120
958,13,32,103,135
959,14,30,90,120
960,15,47,127,174
961,16,42,103,145
962,17,24,113,137
963,18,4,60,64
964,19,2,39,41
965,20,1,39,40
966,21,9,42,51
967,22,6,39,45
968,23,1,31,32
969,0,5,34,39
970,1,1,23,24
971,2,1,19,20
972,3,4,8,12
973,4,0,2,2
974,6,2,3,5
975,7,0,3,3
976,8,1,11,12
977,9,12,35,47
978,10,19,86,105
979,11,26,86,112
980,12,58,94,152
981,13,62,92,154
982,14,51,110,161
983,15,40,122,162
984,16,28,106,134
985,17,30,95,125
986,18,17,78,95
987,19,11,50,61
988,20,15,32,47
989,21,6,45,51
990,22,5,31,36
991,23,3,27,30
992,0,3,8,11
993,1,1,6,7
994,2,0,2,2
995,3,1,1,2
996,4,0,2,2
997,5,0,3,3
998,6,1,25,26
999,7,2,96,98
1000,8,7,249,256
1001,9,8,122,130
1002,10,9,46,55
1003,11,10,43,53
1004,12,27,99,126
1005,13,27,93,120
1006,14,14,76,90
1007,15,19,71,90
1008,16,16,102,118
1009,17,25,218,243
1010,18,11,194,205
1011,19,12,86,98
1012,20,5,65,70
1013,21,8,35,43
1014,22,1,44,45
1015,23,1,19,20
1016,0,7,12,19
1017,1,0,5,5
1018,2,1,2,3
1019,4,0,1,1
1020,5,0,4,4
1021,6,0,30,30
1022,7,2,103,105
1023,8,10,213,223
1024,9,2,108,110
1025,10,5,47,52
1026,11,11,46,57
1027,12,6,65,71
1028,13,14,68,82
1029,14,10,69,79
1030,15,11,74,85
1031,16,21,77,98
1032,17,15,191,206
1033,18,14,198,212
1034,19,3,142,145
1035,20,3,98,101
1036,21,5,61,66
1037,22,0,41,41
1038,23,0,20,20
1039,0,0,15,15
1040,1,0,9,9
1041,3,0,1,1
1042,4,0,1,1
1043,5,0,5,5
1044,6,1,32,33
1045,7,5,103,108
1046,8,6,224,230
1047,9,2,122,124
1048,10,14,55,69
1049,11,7,59,66
1050,12,14,72,86
1051,13,13,80,93
1052,14,17,65,82
1053,15,35,82,117
1054,16,26,96,122
1055,17,11,244,255
1056,18,20,202,222
1057,19,18,143,161
1058,20,10,108,118
1059,21,5,87,92
1060,22,12,61,73
1061,23,2,31,33
1062,0,1,16,17
1063,1,0,6,6
1064,2,2,4,6
1065,3,3,1,4
1066,4,3,1,4
1067,5,1,11,12
1068,6,3,44,47
1069,7,7,119,126
1070,8,18,267,285
1071,9,16,163,179
1072,10,18,70,88
1073,11,19,71,90
1074,12,15,86,101
1075,13,15,108,123
1076,14,26,55,81
1077,15,15,91,106
1078,16,29,117,146
1079,17,18,256,274
1080,18,11,211,222
1081,19,14,161,175
1082,20,8,131,139
1083,21,5,119,124
1084,22,8,68,76
1085,23,4,40,44
1086,0,12,20,32
1087,1,1,7,8
1088,2,2,5,7
1089,3,2,6,8
1090,4,0,1,1
1091,5,1,6,7
1092,6,2,48,50
1093,7,8,108,116
1094,8,26,246,272
1095,9,15,154,169
1096,10,17,78,95
1097,11,31,82,113
1098,12,59,126,185
1099,13,45,131,176
1100,14,73,118,191
1101,15,55,117,172
1102,16,68,164,232
1103,17,52,275,327
1104,18,29,195,224
1105,19,16,146,162
1106,20,19,105,124
1107,21,11,61,72
1108,22,19,88,107
1109,23,16,61,77
1110,0,6,23,29
1111,1,10,21,31
1112,2,3,14,17
1113,3,0,7,7
1114,4,0,3,3
1115,5,0,3,3
1116,6,3,3,6
1117,7,6,16,22
1118,8,9,36,45
1119,9,18,37,55
1120,10,34,72,106
1121,11,47,76,123
1122,12,38,81,119
1123,13,52,103,155
1124,14,102,94,196
1125,15,84,87,171
1126,16,39,81,120
1127,17,36,91,127
1128,18,21,67,88
1129,19,5,54,59
1130,20,9,38,47
1131,21,4,29,33
1132,22,2,42,44
1133,23,4,25,29
1134,0,3,14,17
1135,1,5,11,16
1136,2,0,17,17
1137,3,9,9,18
1138,4,0,1,1
1139,6,1,1,2
1140,7,0,2,2
1141,8,2,22,24
1142,9,7,48,55
1143,10,34,70,104
1144,11,72,89,161
1145,12,62,120,182
1146,13,76,122,198
1147,14,108,104,212
1148,15,66,102,168
1149,16,59,88,147
1150,17,60,86,146
1151,18,30,71,101
1152,19,3,39,42
1153,20,12,30,42
1154,21,17,39,56
1155,22,4,43,47
1156,23,9,45,54
1157,0,7,30,37
1158,1,2,11,13
1159,2,1,3,4
1160,3,2,3,5
1161,4,1,0,1
1162,5,1,2,3
1163,6,2,6,8
1164,7,3,16,19
1165,8,7,56,63
1166,9,11,46,57
1167,10,29,52,81
1168,11,20,70,90
1169,12,26,67,93
1170,13,28,75,103
1171,14,15,101,116
1172,15,11,76,87
1173,16,8,48,56
1174,17,18,62,80
1175,18,2,64,66
1176,19,0,49,49
1177,20,0,29,29
1178,21,1,33,34
1179,22,0,11,11
1180,23,0,2,2
1181,6,0,7,7
1182,7,0,40,40
1183,8,7,107,114
1184,9,5,101,106
1185,10,0,44,44
1186,11,7,43,50
1187,12,7,48,55
1188,13,3,52,55
1189,14,9,49,58
1190,15,2,67,69
1191,16,7,79,86
1192,17,8,188,196
1193,18,6,161,167
1194,19,4,114,118
1195,20,3,102,105
1196,21,2,80,82
1197,22,1,76,77
1198,23,3,18,21
1199,0,0,6,6
1200,1,0,4,4
1201,2,0,1,1
1202,3,0,2,2
1203,5,0,8,8
1204,6,0,36,36
1205,7,2,94,96
1206,8,8,227,235
1207,9,9,130,139
1208,10,4,47,51
1209,11,16,53,69
1210,12,11,56,67
1211,13,9,78,87
1212,14,17,61,78
1213,15,18,54,72
1214,16,15,79,94
1215,17,15,207,222
1216,18,3,206,209
1217,19,6,135,141
1218,20,2,107,109
1219,21,2,89,91
1220,22,1,60,61
1221,23,1,38,39
1222,0,0,11,11
1223,1,0,7,7
1224,2,0,4,4
1225,3,0,2,2
1226,5,1,3,4
1227,6,0,58,58
1228,7,0,104,104
1229,8,8,244,252
1230,9,4,133,137
1231,10,8,49,57
1232,11,8,71,79
1233,12,10,85,95
1234,13,16,72,88
1235,14,2,67,69
1236,15,5,58,63
1237,16,4,67,71
1238,17,9,168,177
1239,18,5,132,137
1240,19,3,112,115
1241,20,2,87,89
1242,21,7,76,83
1243,22,5,50,55
1244,23,3,47,50
1245,0,1,8,9
1246,1,1,9,10
1247,2,0,3,3
1248,3,1,1,2
1249,5,1,5,6
1250,6,0,11,11
1251,7,1,34,35
1252,8,3,70,73
1253,9,3,111,114
1254,10,7,42,49
1255,11,9,50,59
1256,12,20,95,115
1257,13,6,77,83
1258,14,14,71,85
1259,15,5,50,55
1260,16,11,91,102
1261,17,8,181,189
1262,18,7,150,157
1263,19,4,86,90
1264,20,2,60,62
1265,21,7,56,63
1266,22,7,43,50
1267,23,2,37,39
1268,0,3,25,28
1269,1,2,25,27
1270,2,3,9,12
1271,3,1,7,8
1272,4,1,1,2
1273,5,1,9,10
1274,6,1,6,7
1275,7,1,21,22
1276,8,2,55,57
1277,9,9,65,74
1278,10,14,71,85
1279,11,26,100,126
1280,12,45,115,160
1281,13,38,136,174
1282,14,57,154,211
1283,15,40,125,165
1284,16,41,130,171
1285,17,53,130,183
1286,18,26,111,137
1287,19,30,64,94
1288,20,8,60,68
1289,21,9,59,68
1290,22,8,38,46
1291,23,5,29,34
1292,0,8,26,34
1293,1,7,30,37
1294,2,2,20,22
1295,3,3,8,11
1296,4,0,2,2
1297,6,2,1,3
1298,7,6,8,14
1299,8,9,26,35
1300,9,17,42,59
1301,10,24,79,103
1302,11,33,92,125
1303,12,61,132,193
1304,13,90,169,259
1305,14,105,177,282
1306,15,98,163,261
1307,16,98,170,268
1308,17,66,121,187
1309,18,24,103,127
1310,19,16,86,102
1311,20,9,72,81
1312,21,8,61,69
1313,22,2,67,69
1314,23,6,53,59
1315,0,5,25,30
1316,1,1,7,8
1317,3,0,1,1
1318,5,1,4,5
1319,6,1,27,28
1320,7,2,90,92
1321,8,13,242,255
1322,9,15,127,142
1323,10,13,79,92
1324,11,13,74,87
1325,12,0,36,36
1326,13,1,31,32
1327,14,1,24,25
1328,15,0,35,35
1329,16,2,40,42
1330,17,2,77,79
1331,18,4,127,131
1332,19,1,79,80
1333,20,0,45,45
1334,21,2,78,80
1335,22,4,72,76
1336,23,0,45,45
1337,0,0,7,7
1338,1,0,3,3
1339,2,0,4,4
1340,3,0,2,2
1341,4,0,1,1
1342,5,1,1,2
1343,6,0,46,46
1344,7,2,105,107
1345,8,10,204,214
1346,9,8,116,124
1347,10,13,55,68
1348,11,8,48,56
1349,12,6,80,86
1350,13,13,65,78
1351,14,18,61,79
1352,15,7,57,64
1353,16,10,92,102
1354,17,12,230,242
1355,18,10,214,224
1356,19,4,115,119
1357,20,2,86,88
1358,21,8,55,63
1359,22,3,44,47
1360,23,2,23,25
1361,0,3,5,8
1362,1,0,4,4
1363,2,0,2,2
1364,3,3,1,4
1365,4,1,0,1
1366,5,0,5,5
1367,6,1,39,40
1368,7,2,108,110
1369,8,13,243,256
1370,9,7,141,148
1371,10,11,65,76
1372,11,8,65,73
1373,12,20,62,82
1374,13,35,90,125
1375,14,21,75,96
1376,15,19,91,110
1377,16,27,112,139
1378,17,30,238,268
1379,18,8,193,201
1380,19,6,144,150
1381,20,9,86,95
1382,21,3,68,71
1383,22,4,44,48
1384,23,0,22,22
1385,0,3,10,13
1386,1,0,1,1
1387,2,1,2,3
1388,3,0,1,1
1389,4,0,1,1
1390,5,1,7,8
1391,6,1,34,35
1392,7,1,110,111
1393,8,4,216,220
1394,9,10,135,145
1395,10,7,49,56
1396,11,10,40,50
1397,12,7,65,72
1398,13,13,67,80
1399,14,18,60,78
1400,15,6,62,68
1401,16,6,65,71
1402,17,17,185,202
1403,18,6,161,167
1404,19,5,101,106
1405,20,1,69,70
1406,21,3,48,51
1407,22,3,50,53
1408,23,0,23,23
1409,0,0,12,12
1410,1,0,4,4
1411,2,0,2,2
1412,3,0,1,1
1413,4,1,0,1
1414,5,0,7,7
1415,6,1,28,29
1416,7,0,83,83
1417,8,6,222,228
1418,9,12,138,150
1419,10,10,56,66
1420,11,16,73,89
1421,12,10,87,97
1422,13,13,74,87
1423,14,30,65,95
1424,15,31,75,106
1425,16,17,101,118
1426,17,22,206,228
1427,18,15,172,187
1428,19,5,102,107
1429,20,9,78,87
1430,21,6,64,70
1431,22,4,40,44
1432,23,6,40,46
1433,0,4,15,19
1434,1,5,20,25
1435,2,5,15,20
1436,3,0,2,2
1437,4,0,1,1
1438,5,0,3,3
1439,6,1,3,4
1440,7,5,10,15
1441,8,11,34,45
1442,9,15,48,63
1443,10,34,69,103
1444,11,43,116,159
1445,12,46,121,167
1446,13,60,130,190
1447,14,80,118,198
1448,15,83,122,205
1449,16,74,130,204
1450,17,60,104,164
1451,18,37,115,152
1452,19,27,62,89
1453,20,12,58,70
1454,21,12,60,72
1455,22,16,47,63
1456,23,10,34,44
1457,0,11,41,52
1458,1,12,27,39
1459,2,5,27,32
1460,3,2,9,11
1461,4,0,3,3
1462,6,1,1,2
1463,7,0,5,5
1464,8,1,8,9
1465,9,4,18,22
1466,10,4,27,31
1467,11,18,44,62
1468,12,10,69,79
1469,13,22,83,105
1470,14,12,27,39
1471,15,3,4,7
1472,16,3,8,11
1473,17,2,23,25
1474,18,0,23,23
1475,19,0,11,11
1476,20,3,8,11
1477,21,1,6,7
1478,22,0,10,10
1479,23,0,9,9
1480,0,0,4,4
1481,1,0,2,2
1482,3,0,1,1
1483,4,1,0,1
1484,5,0,1,1
1485,6,3,31,34
1486,7,3,88,91
1487,8,11,200,211
1488,9,5,129,134
1489,10,15,43,58
1490,11,19,41,60
1491,12,28,68,96
1492,13,16,54,70
1493,14,21,56,77
1494,15,32,64,96
1495,16,26,96,122
1496,17,27,206,233
1497,18,19,214,233
1498,19,11,134,145
1499,20,5,87,92
1500,21,1,53,54
1501,22,1,34,35
1502,23,0,22,22
1503,0,1,9,10
1504,1,0,4,4
1505,2,1,0,1
1506,3,5,2,7
1507,4,0,2,2
1508,5,2,8,10
1509,6,3,42,45
1510,7,9,119,128
1511,8,10,247,257
1512,9,11,140,151
1513,10,25,46,71
1514,11,26,52,78
1515,12,29,70,99
1516,13,25,73,98
1517,14,16,56,72
1518,15,35,77,112
1519,16,26,82,108
1520,17,39,209,248
1521,18,21,214,235
1522,19,9,141,150
1523,20,2,74,76
1524,21,7,68,75
1525,22,11,44,55
1526,23,3,38,41
1527,0,0,9,9
1528,1,0,4,4
1529,2,1,1,2
1530,3,1,2,3
1531,4,0,2,2
1532,5,1,7,8
1533,6,5,44,49
1534,7,18,123,141
1535,8,11,238,249
1536,9,5,136,141
1537,10,8,49,57
1538,11,15,44,59
1539,12,14,84,98
1540,13,17,82,99
1541,14,10,61,71
1542,15,15,64,79
1543,16,10,102,112
1544,17,18,176,194
1545,18,12,176,188
1546,19,11,123,134
1547,20,4,87,91
1548,21,10,52,62
1549,22,4,17,21
1550,23,1,17,18
1551,0,3,0,3
1552,1,0,2,2
1553,2,0,1,1
1554,5,1,2,3
1555,6,0,12,12
1556,7,1,36,37
1557,8,1,43,44
1558,9,1,23,24
1559,10,0,17,17
1560,11,6,5,11
1561,12,4,30,34
1562,13,1,11,12
1563,14,0,12,12
1564,15,3,11,14
1565,16,1,20,21
1566,17,2,109,111
1567,18,2,80,82
1568,19,5,51,56
1569,20,9,29,38
1570,21,1,27,28
1571,22,4,30,34
1572,23,1,26,27
1573,0,0,6,6
1574,1,0,8,8
1575,2,2,3,5
1576,3,0,2,2
1577,5,1,6,7
1578,6,1,31,32
1579,7,10,104,114
1580,8,15,244,259
1581,9,13,143,156
1582,10,18,60,78
1583,11,14,67,81
1584,12,15,96,111
1585,13,15,92,107
1586,14,25,64,89
1587,15,21,64,85
1588,16,18,95,113
1589,17,23,200,223
1590,18,19,134,153
1591,19,7,111,118
1592,20,6,70,76
1593,21,10,43,53
1594,22,11,53,64
1595,23,3,34,37
1596,0,4,30,34
1597,1,3,15,18
1598,2,0,14,14
1599,3,1,6,7
1600,4,0,1,1
1601,5,0,2,2
1602,6,2,2,4
1603,7,4,19,23
1604,8,9,44,53
1605,9,25,76,101
1606,10,21,78,99
1607,11,36,83,119
1608,12,51,107,158
1609,13,62,95,157
1610,14,70,96,166
1611,15,81,101,182
1612,16,100,144,244
1613,17,99,114,213
1614,18,54,91,145
1615,19,26,86,112
1616,20,22,64,86
1617,21,36,46,82
1618,22,7,56,63
1619,23,11,38,49
1620,0,3,35,38
1621,1,10,23,33
1622,3,6,17,23
1623,4,4,9,13
1624,5,0,3,3
1625,6,0,2,2
1626,7,2,8,10
1627,8,11,23,34
1628,9,8,36,44
1629,10,36,86,122
1630,11,88,93,181
1631,12,74,120,194
1632,13,97,124,221
1633,14,144,106,250
1634,15,149,155,304
1635,16,124,132,256
1636,17,98,143,241
1637,18,55,92,147
1638,19,28,73,101
1639,20,23,54,77
1640,21,9,49,58
1641,22,8,29,37
1642,23,5,23,28
1643,0,4,7,11
1644,1,0,1,1
1645,2,0,1,1
1646,3,0,3,3
1647,5,0,8,8
1648,6,1,27,28
1649,7,4,84,88
1650,8,24,217,241
1651,9,13,127,140
1652,10,27,57,84
1653,11,26,45,71
1654,12,40,54,94
1655,13,24,51,75
1656,14,27,52,79
1657,15,24,77,101
1658,16,27,80,107
1659,17,42,229,271
1660,18,25,210,235
1661,19,17,133,150
1662,20,23,106,129
1663,21,5,58,63
1664,22,4,43,47
1665,23,2,17,19
1666,0,7,7,14
1667,1,4,6,10
1668,2,1,2,3
1669,4,1,1,2
1670,5,0,11,11
1671,6,3,32,35
1672,7,10,109,119
1673,8,23,259,282
1674,9,10,147,157
1675,10,22,56,78
1676,11,27,51,78
1677,12,32,70,102
1678,13,23,74,97
1679,14,14,74,88
1680,15,24,66,90
1681,16,21,93,114
1682,17,22,195,217
1683,18,18,207,225
1684,19,14,138,152
1685,20,9,79,88
1686,21,2,53,55
1687,22,1,20,21
1688,23,1,17,18
1689,0,0,8,8
1690,1,1,2,3
1691,3,1,2,3
1692,4,0,1,1
1693,5,0,3,3
1694,6,1,30,31
1695,7,10,101,111
1696,8,26,227,253
1697,9,10,144,154
1698,10,19,49,68
1699,11,13,62,75
1700,12,23,65,88
1701,13,18,81,99
1702,14,33,67,100
1703,15,22,79,101
1704,16,30,121,151
1705,17,37,216,253
1706,18,26,211,237
1707,19,18,150,168
1708,20,10,111,121
1709,21,3,75,78
1710,22,11,48,59
1711,23,9,18,27
1712,0,4,19,23
1713,1,1,11,12
1714,2,3,5,8
1715,3,1,1,2
1716,4,0,3,3
1717,5,0,13,13
1718,6,4,47,51
1719,7,12,128,140
1720,8,17,282,299
1721,9,23,162,185
1722,10,9,69,78
1723,11,20,66,86
1724,12,24,81,105
1725,13,26,85,111
1726,14,32,87,119
1727,15,30,95,125
1728,16,34,108,142
1729,17,48,265,313
1730,18,50,260,310
1731,19,18,189,207
1732,20,25,112,137
1733,21,19,119,138
1734,22,17,70,87
1735,23,7,43,50
1736,0,5,24,29
1737,1,4,12,16
1738,2,5,9,14
1739,3,1,4,5
1740,5,2,8,10
1741,6,1,35,36
1742,7,11,112,123
1743,8,24,256,280
1744,9,18,192,210
1745,10,43,74,117
1746,11,55,104,159
1747,12,72,123,195
1748,13,57,118,175
1749,14,71,103,174
1750,15,62,111,173
1751,16,67,137,204
1752,17,95,237,332
1753,18,84,247,331
1754,19,58,132,190
1755,20,46,103,149
1756,21,22,91,113
1757,22,55,63,118
1758,23,26,60,86
1759,0,26,50,76
1760,1,16,35,51
1761,2,5,20,25
1762,3,1,7,8
1763,4,1,2,3
1764,5,0,2,2
1765,6,0,10,10
1766,7,4,9,13
1767,8,11,37,48
1768,9,35,41,76
1769,10,55,85,140
1770,11,90,106,196
1771,12,126,141,267
1772,13,174,127,301
1773,14,168,144,312
1774,15,170,143,313
1775,16,175,129,304
1776,17,138,140,278
1777,18,92,125,217
1778,19,38,116,154
1779,20,39,69,108
1780,21,20,73,93
1781,22,27,45,72
1782,23,13,37,50
1783,0,7,33,40
1784,1,2,22,24
1785,2,6,24,30
1786,3,1,11,12
1787,4,2,1,3
1788,5,3,6,9
1789,6,1,3,4
1790,7,5,9,14
1791,8,7,30,37
1792,9,35,43,78
1793,10,55,81,136
1794,11,92,111,203
1795,12,120,108,228
1796,13,88,115,203
1797,14,145,134,279
1798,15,172,136,308
1799,16,92,132,224
1800,17,83,143,226
1801,18,58,98,156
1802,19,21,58,79
1803,20,21,46,67
1804,21,10,39,49
1805,22,8,30,38
1806,23,13,11,24
1807,0,2,11,13
1808,1,1,6,7
1809,2,1,5,6
1810,3,0,1,1
1811,5,1,1,2
1812,6,2,30,32
1813,7,3,15,18
1814,8,3,95,98
1815,9,12,115,127
1816,10,17,45,62
1817,11,32,47,79
1818,12,25,56,81
1819,13,35,77,112
1820,14,36,65,101
1821,15,41,66,107
1822,16,29,112,141
1823,17,41,231,272
1824,18,44,232,276
1825,19,22,199,221
1826,20,16,106,122
1827,21,12,79,91
1828,22,18,60,78
1829,23,8,22,30
1830,0,4,7,11
1831,1,6,13,19
1832,2,0,1,1
1833,3,3,2,5
1834,4,0,1,1
1835,5,1,11,12
1836,6,2,58,60
1837,7,4,132,136
1838,8,24,312,336
1839,9,19,159,178
1840,10,29,95,124
1841,11,22,64,86
1842,12,35,86,121
1843,13,21,85,106
1844,14,30,71,101
1845,15,55,79,134
1846,16,40,125,165
1847,17,42,265,307
1848,18,41,271,312
1849,19,22,142,164
1850,20,19,116,135
1851,21,24,63,87
1852,22,13,57,70
1853,23,4,28,32
1854,0,3,8,11
1855,1,0,7,7
1856,2,1,1,2
1857,3,0,3,3
1858,5,0,10,10
1859,6,1,43,44
1860,7,7,111,118
1861,8,14,247,261
1862,9,8,174,182
1863,10,15,60,75
1864,11,18,53,71
1865,12,14,73,87
1866,13,14,94,108
1867,14,13,71,84
1868,15,11,74,85
1869,16,13,123,136
1870,17,28,245,273
1871,18,20,218,238
1872,19,12,147,159
1873,20,3,72,75
1874,21,0,22,22
1875,22,6,38,44
1876,23,2,24,26
1877,0,0,11,11
1878,1,0,3,3
1879,2,0,6,6
1880,3,1,0,1
1881,4,0,1,1
1882,5,1,8,9
1883,6,0,41,41
1884,7,2,106,108
1885,8,4,120,124
1886,9,3,94,97
1887,10,10,55,65
1888,11,10,61,71
1889,12,12,82,94
1890,13,11,90,101
1891,14,17,66,83
1892,15,13,77,90
1893,16,6,78,84
1894,17,12,221,233
1895,18,17,197,214
1896,19,16,122,138
1897,20,8,110,118
1898,21,11,67,78
1899,22,3,59,62
1900,23,9,24,33
1901,0,1,17,18
1902,1,0,5,5
1903,2,0,5,5
1904,3,0,2,2
1905,4,3,2,5
1906,5,0,9,9
1907,6,0,32,32
1908,7,4,100,104
1909,8,9,228,237
1910,9,16,150,166
1911,10,15,53,68
1912,11,17,58,75
1913,12,37,108,145
1914,13,34,104,138
1915,14,30,103,133
1916,15,43,79,122
1917,16,23,127,150
1918,17,23,202,225
1919,18,8,190,198
1920,19,9,126,135
1921,20,6,75,81
1922,21,11,64,75
1923,22,3,40,43
1924,23,8,31,39
1925,0,3,25,28
1926,1,3,24,27
1927,2,4,21,25
1928,3,2,7,9
1929,4,2,4,6
1930,5,0,8,8
1931,6,2,8,10
1932,7,18,23,41
1933,8,24,42,66
1934,9,32,68,100
1935,10,32,93,125
1936,11,75,93,168
1937,12,98,129,227
1938,13,94,145,239
1939,14,93,123,216
1940,15,110,109,219
1941,16,118,130,248
1942,17,102,101,203
1943,18,64,89,153
1944,19,45,93,138
1945,20,18,67,85
1946,21,15,36,51
1947,22,17,46,63
1948,23,10,31,41
1949,0,5,26,31
1950,1,3,17,20
1951,2,6,15,21
1952,3,0,14,14
1953,4,1,5,6
1954,6,0,2,2
1955,7,0,7,7
1956,8,6,8,14
1957,9,17,37,54
1958,10,27,59,86
1959,11,23,85,108
1960,12,43,120,163
1961,13,47,100,147
1962,14,61,103,164
1963,15,61,111,172
1964,16,45,98,143
1965,17,50,109,159
1966,18,32,105,137
1967,19,23,80,103
1968,20,7,50,57
1969,21,7,29,36
1970,22,5,25,30
1971,23,3,16,19
1972,0,1,11,12
1973,1,2,4,6
1974,2,0,5,5
1975,3,0,2,2
1976,5,0,8,8
1977,6,0,40,40
1978,7,6,104,110
1979,8,15,239,254
1980,9,12,109,121
1981,10,22,47,69
1982,11,18,39,57
1983,12,8,71,79
1984,13,14,69,83
1985,14,15,65,80
1986,15,19,53,72
1987,16,15,117,132
1988,17,25,227,252
1989,18,21,220,241
1990,19,17,156,173
1991,20,5,107,112
1992,21,6,55,61
1993,22,0,40,40
1994,23,1,18,19
1995,0,1,15,16
1996,1,0,4,4
1997,2,0,3,3
1998,3,2,1,3
1999,4,1,1,2
2000,5,0,8,8
2001,6,4,46,50
2002,7,5,128,133
2003,8,19,268,287
2004,9,16,156,172
2005,10,13,46,59
2006,11,18,63,81
2007,12,29,77,106
2008,13,24,80,104
2009,14,20,66,86
2010,15,22,65,87
2011,16,12,124,136
2012,17,34,265,299
2013,18,42,252,294
2014,19,20,170,190
2015,20,13,119,132
2016,21,8,75,83
2017,22,6,49,55
2018,23,8,27,35
2019,0,3,8,11
2020,1,1,9,10
2021,2,0,4,4
2022,3,0,4,4
2023,4,1,0,1
2024,5,0,7,7
2025,6,4,44,48
2026,7,8,128,136
2027,8,16,247,263
2028,9,7,147,154
2029,10,13,51,64
2030,11,26,64,90
2031,12,15,65,80
2032,13,14,84,98
2033,14,16,64,80
2034,15,14,56,70
2035,16,0,36,36
2036,17,11,105,116
2037,18,6,79,85
2038,19,5,67,72
2039,20,4,40,44
2040,21,0,27,27
2041,22,3,21,24
2042,23,1,11,12
2043,0,0,3,3
2044,1,1,4,5
2045,2,0,5,5
2046,3,0,1,1
2047,4,0,2,2
2048,5,0,8,8
2049,6,2,34,36
2050,7,5,87,92
2051,8,7,185,192
2052,9,6,126,132
2053,10,15,54,69
2054,11,6,52,58
2055,12,17,73,90
2056,13,13,55,68
2057,14,27,49,76
2058,15,4,61,65
2059,16,13,72,85
2060,17,15,153,168
2061,18,12,165,177
2062,19,12,118,130
2063,20,6,79,85
2064,21,7,53,60
2065,22,7,44,51
2066,23,4,23,27
2067,0,0,6,6
2068,1,0,4,4
2069,2,0,7,7
2070,3,0,4,4
2071,4,0,3,3
2072,5,1,11,12
2073,6,2,26,28
2074,7,4,91,95
2075,8,8,198,206
2076,9,11,162,173
2077,10,12,63,75
2078,11,17,72,89
2079,12,15,80,95
2080,13,18,92,110
2081,14,26,61,87
2082,15,30,81,111
2083,16,42,125,167
2084,17,36,245,281
2085,18,36,205,241
2086,19,16,120,136
2087,20,2,75,77
2088,21,9,84,93
2089,22,10,64,74
2090,23,12,41,53
2091,0,3,29,32
2092,1,4,28,32
2093,2,1,20,21
2094,3,1,8,9
2095,4,0,5,5
2096,5,1,4,5
2097,6,5,7,12
2098,7,2,16,18
2099,8,10,45,55
2100,9,22,65,87
2101,10,41,113,154
2102,11,72,126,198
2103,12,84,100,184
2104,13,56,81,137
2105,14,97,93,190
2106,15,72,64,136
2107,16,111,85,196
2108,17,89,95,184
2109,18,69,110,179
2110,19,71,77,148
2111,20,29,56,85
2112,21,24,53,77
2113,22,14,41,55
2114,23,20,33,53
2115,0,8,31,39
2116,1,8,26,34
2117,2,5,19,24
2118,3,3,8,11
2119,4,3,0,3
2120,5,1,4,5
2121,6,10,23,33
2122,7,13,20,33
2123,8,18,44,62
2124,9,68,74,142
2125,10,111,104,215
2126,11,139,104,243
2127,12,166,147,313
2128,13,219,148,367
2129,14,240,109,349
2130,15,174,118,292
2131,16,147,156,303
2132,17,148,126,274
2133,18,71,101,172
2134,19,51,93,144
2135,20,24,55,79
2136,21,8,37,45
2137,22,7,29,36
2138,23,9,22,31
2139,0,1,5,6
2140,1,7,4,11
2141,2,1,1,2
2142,3,1,0,1
2143,4,1,1,2
2144,5,0,7,7
2145,6,3,43,46
2146,7,7,150,157
2147,8,31,308,339
2148,9,24,134,158
2149,10,35,55,90
2150,11,58,66,124
2151,12,59,98,157
2152,13,47,92,139
2153,14,47,76,123
2154,15,47,96,143
2155,16,59,130,189
2156,17,83,283,366
2157,18,78,308,386
2158,19,51,227,278
2159,20,40,133,173
2160,21,19,76,95
2161,22,17,58,75
2162,23,18,30,48
2163,0,10,12,22
2164,1,10,5,15
2165,2,0,5,5
2166,3,1,3,4
2167,4,0,2,2
2168,5,0,5,5
2169,6,2,36,38
2170,7,10,124,134
2171,8,9,148,157
2172,9,2,44,46
2173,10,3,25,28
2174,11,1,18,19
2175,12,6,32,38
2176,13,5,51,56
2177,14,9,67,76
2178,15,6,62,68
2179,16,17,113,130
2180,17,27,246,273
2181,18,19,248,267
2182,19,12,148,160
2183,20,4,87,91
2184,21,8,81,89
2185,22,3,43,46
2186,23,3,23,26
2187,0,0,15,15
2188,1,0,2,2
2189,2,0,5,5
2190,3,0,4,4
2191,4,0,1,1
2192,5,1,12,13
2193,6,4,52,56
2194,7,3,130,133
2195,8,17,308,325
2196,9,8,157,165
2197,10,21,48,69
2198,11,23,70,93
2199,12,22,112,134
2200,13,29,83,112
2201,14,35,80,115
2202,15,34,83,117
2203,16,27,142,169
2204,17,53,303,356
2205,18,43,282,325
2206,19,36,196,232
2207,20,15,126,141
2208,21,18,84,102
2209,22,13,71,84
2210,23,11,29,40
2211,0,5,15,20
2212,1,2,11,13
2213,2,0,7,7
2214,3,0,3,3
2215,4,0,1,1
2216,5,0,6,6
2217,6,5,59,64
2218,7,8,152,160
2219,8,23,291,314
2220,9,15,155,170
2221,10,29,66,95
2222,11,36,86,122
2223,12,39,114,153
2224,13,36,99,135
2225,14,46,111,157
2226,15,27,133,160
2227,16,52,161,213
2228,17,63,280,343
2229,18,68,265,333
2230,19,34,192,226
2231,20,37,166,203
2232,21,19,89,108
2233,22,18,63,81
2234,23,9,45,54
2235,0,4,21,25
2236,1,3,6,9
2237,2,3,10,13
2238,3,0,1,1
2239,4,0,1,1
2240,5,1,8,9
2241,6,2,33,35
2242,7,4,109,113
2243,8,13,208,221
2244,9,17,168,185
2245,10,10,63,73
2246,11,19,79,98
2247,12,29,51,80
2248,13,7,35,42
2249,14,2,13,15
2250,15,1,24,25
2251,16,2,58,60
2252,17,10,138,148
2253,18,8,54,62
2254,19,1,52,53
2255,20,12,51,63
2256,21,11,43,54
2257,22,9,42,51
2258,23,4,31,35
2259,0,5,26,31
2260,1,3,17,20
2261,2,2,15,17
2262,3,3,11,14
2263,4,0,3,3
2264,5,0,5,5
2265,6,0,13,13
2266,7,8,13,21
2267,8,7,47,54
2268,9,27,71,98
2269,10,43,90,133
2270,11,51,91,142
2271,12,79,123,202
2272,13,114,108,222
2273,14,94,118,212
2274,15,85,116,201
2275,16,73,118,191
2276,17,128,129,257
2277,18,48,129,177
2278,19,47,83,130
2279,20,19,74,93
2280,21,10,65,75
2281,22,21,66,87
2282,23,12,45,57
2283,0,5,48,53
2284,1,6,31,37
2285,2,12,24,36
2286,3,5,11,16
2287,4,3,2,5
2288,5,0,4,4
2289,6,0,4,4
2290,7,3,7,10
2291,8,17,38,55
2292,9,31,50,81
2293,10,69,81,150
2294,11,93,109,202
2295,12,94,136,230
2296,13,121,142,263
2297,14,148,133,281
2298,15,156,141,297
2299,16,135,153,288
2300,17,84,152,236
2301,18,103,137,240
2302,19,47,84,131
2303,20,21,71,92
2304,21,18,77,95
2305,22,12,45,57
2306,23,5,27,32
2307,0,7,16,23
2308,1,1,3,4
2309,2,7,2,9
2310,4,0,1,1
2311,5,1,12,13
2312,6,2,59,61
2313,7,12,164,176
2314,8,28,286,314
2315,9,33,132,165
2316,10,41,55,96
2317,11,45,59,104
2318,12,37,97,134
2319,13,62,77,139
2320,14,60,85,145
2321,15,56,85,141
2322,16,73,162,235
2323,17,100,352,452
2324,18,93,290,383
2325,19,73,211,284
2326,20,44,122,166
2327,21,39,119,158
2328,22,25,66,91
2329,23,16,38,54
2330,0,11,13,24
2331,1,6,7,13
2332,2,7,7,14
2333,3,0,1,1
2334,4,4,2,6
2335,5,1,15,16
2336,6,3,55,58
2337,7,12,177,189
2338,8,15,211,226
2339,9,4,50,54
2340,10,6,34,40
2341,11,11,38,49
2342,12,9,83,92
2343,13,22,84,106
2344,14,16,28,44
2345,15,24,54,78
2346,16,19,80,99
2347,17,29,262,291
2348,18,21,203,224
2349,19,3,127,130
2350,20,9,94,103
2351,21,10,74,84
2352,22,7,47,54
2353,23,8,31,39
2354,0,3,12,15
2355,1,0,1,1
2356,2,0,2,2
2357,3,0,2,2
2358,4,1,2,3
2359,5,1,4,5
2360,6,1,33,34
2361,7,3,67,70
2362,8,6,158,164
2363,9,2,63,65
2364,10,4,42,46
2365,11,4,57,61
2366,12,12,83,95
2367,13,6,55,61
2368,14,24,82,106
2369,15,12,69,81
2370,16,23,119,142
2371,17,25,284,309
2372,18,28,293,321
2373,19,15,160,175
2374,20,7,119,126
2375,21,17,100,117
2376,22,10,89,99
2377,23,5,57,62
2378,0,3,18,21
2379,1,1,9,10
2380,2,0,3,3
2381,3,0,2,2
2382,4,1,8,9
2383,5,2,12,14
2384,6,4,66,70
2385,7,11,182,193
2386,8,21,316,337
2387,9,18,152,170
2388,10,21,68,89
2389,11,28,87,115
2390,12,35,110,145
2391,13,38,121,159
2392,14,36,101,137
2393,15,57,85,142
2394,16,49,153,202
2395,17,50,338,388
2396,18,47,290,337
2397,19,37,222,259
2398,20,22,147,169
2399,21,19,126,145
2400,22,22,82,104
2401,23,7,40,47
2402,0,6,21,27
2403,1,6,9,15
2404,2,8,10,18
2405,3,0,3,3
2406,4,0,3,3
2407,5,2,11,13
2408,6,5,42,47
2409,7,10,139,149
2410,8,21,279,300
2411,9,16,162,178
2412,10,31,91,122
2413,11,41,95,136
2414,12,45,155,200
2415,13,47,133,180
2416,14,57,106,163
2417,15,50,112,162
2418,16,70,173,243
2419,17,64,267,331
2420,18,47,216,263
2421,19,41,168,209
2422,20,26,92,118
2423,21,25,77,102
2424,22,16,64,80
2425,23,8,56,64
2426,0,7,36,43
2427,1,5,28,33
2428,2,5,19,24
2429,3,5,9,14
2430,4,1,4,5
2431,5,1,3,4
2432,6,1,9,10
2433,7,3,18,21
2434,8,7,38,45
2435,9,2,27,29
2436,10,1,21,22
2437,11,4,27,31
2438,12,6,26,32
2439,13,9,49,58
2440,14,14,49,63
2441,15,16,62,78
2442,16,6,27,33
2443,17,1,14,15
2444,18,6,32,38
2445,19,9,62,71
2446,20,4,49,53
2447,21,1,13,14
2448,22,2,22,24
2449,23,5,30,35
2450,0,4,29,33
2451,1,6,25,31
2452,2,4,25,29
2453,3,12,13,25
2454,4,2,5,7
2455,5,2,1,3
2456,6,3,5,8
2457,7,2,14,16
2458,8,7,36,43
2459,9,31,71,102
2460,10,91,120,211
2461,11,119,185,304
2462,12,167,187,354
2463,13,181,162,343
2464,14,170,191,361
2465,15,179,209,388
2466,16,161,182,343
2467,17,143,163,306
2468,18,102,175,277
2469,19,75,135,210
2470,20,44,97,141
2471,21,13,70,83
2472,22,21,49,70
2473,23,19,37,56
2474,0,15,24,39
2475,1,11,8,19
2476,2,14,2,16
2477,3,6,1,7
2478,4,2,4,6
2479,5,0,16,16
2480,6,3,51,54
2481,7,12,156,168
2482,8,20,277,297
2483,9,37,132,169
2484,10,41,68,109
2485,11,36,87,123
2486,12,60,124,184
2487,13,41,128,169
2488,14,49,95,144
2489,15,64,112,176
2490,16,40,165,205
2491,17,66,362,428
2492,18,41,321,362
2493,19,42,244,286
2494,20,29,136,165
2495,21,20,131,151
2496,22,9,81,90
2497,23,11,35,46
2498,0,2,23,25
2499,1,5,2,7
2500,2,8,5,13
2501,3,0,3,3
2502,4,1,4,5
2503,5,1,17,18
2504,6,2,63,65
2505,7,22,166,188
2506,8,20,331,351
2507,9,23,139,162
2508,10,15,60,75
2509,11,19,53,72
2510,12,19,84,103
2511,13,26,103,129
2512,14,19,88,107
2513,15,44,83,127
2514,16,30,162,192
2515,17,39,372,411
2516,18,44,377,421
2517,19,28,248,276
2518,20,20,148,168
2519,21,8,114,122
2520,22,3,109,112
2521,23,11,41,52
2522,0,4,29,33
2523,1,2,5,7
2524,2,0,2,2
2525,3,0,2,2
2526,4,5,4,9
2527,5,1,14,15
2528,6,2,62,64
2529,7,26,211,237
2530,8,22,374,396
2531,9,27,170,197
2532,10,45,86,131
2533,11,31,87,118
2534,12,28,117,145
2535,13,42,135,177
2536,14,33,115,148
2537,15,32,113,145
2538,16,54,201,255
2539,17,34,398,432
2540,18,56,385,441
2541,19,74,309,383
2542,20,31,194,225
2543,21,38,134,172
2544,22,12,105,117
2545,23,14,79,93
2546,0,11,33,44
2547,1,6,20,26
2548,2,3,10,13
2549,3,4,3,7
2550,4,2,4,6
2551,5,0,14,14
2552,6,2,73,75
2553,7,15,183,198
2554,8,19,346,365
2555,9,18,178,196
2556,10,25,73,98
2557,11,34,99,133
2558,12,49,150,199
2559,13,55,122,177
2560,14,68,160,228
2561,15,69,166,235
2562,16,66,228,294
2563,17,79,402,481
2564,18,71,381,452
2565,19,52,272,324
2566,20,28,176,204
2567,21,25,159,184
2568,22,31,106,137
2569,23,13,86,99
2570,0,3,30,33
2571,1,2,22,24
2572,2,2,7,9
2573,3,0,2,2
2574,4,1,2,3
2575,5,0,16,16
2576,6,2,47,49
2577,7,5,175,180
2578,8,15,331,346
2579,9,17,178,195
2580,10,32,104,136
2581,11,23,83,106
2582,12,19,61,80
2583,13,3,37,40
2584,14,3,33,36
2585,15,13,62,75
2586,16,4,58,62
2587,17,6,63,69
2588,18,4,47,51
2589,19,7,48,55
2590,20,8,39,47
2591,21,5,23,28
2592,22,3,21,24
2593,23,0,17,17
2594,0,0,18,18
2595,1,5,11,16
2596,2,3,14,17
2597,3,0,4,4
2598,4,2,3,5
2599,5,1,6,7
2600,6,0,11,11
2601,7,2,17,19
2602,8,15,32,47
2603,9,13,55,68
2604,10,36,93,129
2605,11,68,164,232
2606,12,94,197,291
2607,13,126,186,312
2608,14,182,209,391
2609,15,171,226,397
2610,16,180,246,426
2611,17,168,215,383
2612,18,149,227,376
2613,19,84,199,283
2614,20,45,138,183
2615,21,32,103,135
2616,22,55,114,169
2617,23,31,86,117
2618,0,30,66,96
2619,1,14,40,54
2620,2,27,45,72
2621,3,4,20,24
2622,4,0,5,5
2623,5,5,7,12
2624,6,10,3,13
2625,7,16,11,27
2626,8,38,42,80
2627,9,73,104,177
2628,10,118,171,289
2629,11,124,193,317
2630,12,168,220,388
2631,13,205,236,441
2632,14,197,223,420
2633,15,167,202,369
2634,16,162,197,359
2635,17,142,189,331
2636,18,96,174,270
2637,19,62,132,194
2638,20,34,71,105
2639,21,8,53,61
2640,22,5,40,45
2641,23,5,37,42
2642,0,2,10,12
2643,1,2,8,10
2644,2,1,9,10
2645,3,2,8,10
2646,4,1,4,5
2647,5,3,14,17
2648,6,7,59,66
2649,7,13,183,196
2650,8,27,326,353
2651,9,27,147,174
2652,10,61,64,125
2653,11,53,94,147
2654,12,48,140,188
2655,13,57,146,203
2656,14,47,99,146
2657,15,50,125,175
2658,16,41,198,239
2659,17,80,441,521
2660,18,74,425,499
2661,19,62,320,382
2662,20,42,195,237
2663,21,41,149,190
2664,22,23,83,106
2665,23,9,53,62
2666,0,10,17,27
2667,1,16,5,21
2668,2,17,9,26
2669,3,17,4,21
2670,4,2,4,6
2671,5,0,16,16
2672,6,0,80,80
2673,7,16,254,270
2674,8,32,417,449
2675,9,35,164,199
2676,10,22,98,120
2677,11,40,132,172
2678,12,40,146,186
2679,13,37,139,176
2680,14,40,115,155
2681,15,34,119,153
2682,16,40,251,291
2683,17,66,455,521
2684,18,65,463,528
2685,19,42,286,328
2686,20,35,199,234
2687,21,33,162,195
2688,22,32,116,148
2689,23,7,71,78
2690,0,3,24,27
2691,1,2,15,17
2692,2,0,5,5
2693,3,3,4,7
2694,4,0,6,6
2695,5,1,16,17
2696,6,5,79,84
2697,7,17,229,246
2698,8,31,413,444
2699,9,20,161,181
2700,10,26,66,92
2701,11,53,103,156
2702,12,38,135,173
2703,13,31,119,150
2704,14,29,119,148
2705,15,18,120,138
2706,16,29,189,218
2707,17,63,458,521
2708,18,46,366,412
2709,19,40,220,260
2710,20,30,188,218
2711,21,19,126,145
2712,22,18,111,129
2713,23,25,53,78
2714,0,13,41,54
2715,1,8,12,20
2716,2,14,7,21
2717,3,2,1,3
2718,4,4,5,9
2719,5,0,13,13
2720,6,7,79,86
2721,7,14,201,215
2722,8,31,367,398
2723,9,18,165,183
2724,10,9,45,54
2725,11,10,74,84
2726,12,23,84,107
2727,13,18,103,121
2728,14,21,121,142
2729,15,46,117,163
2730,16,42,228,270
2731,17,49,406,455
2732,18,44,486,530
2733,19,57,347,404
2734,20,49,220,269
2735,21,27,167,194
2736,22,34,119,153
2737,23,29,81,110
2738,0,11,37,48
2739,1,10,21,31
2740,2,2,8,10
2741,3,1,4,5
2742,4,0,6,6
2743,5,0,25,25
2744,6,4,67,71
2745,7,18,222,240
2746,8,35,386,421
2747,9,45,185,230
2748,10,57,99,156
2749,11,49,108,157
2750,12,63,160,223
2751,13,74,234,308
2752,14,58,190,248
2753,15,77,175,252
2754,16,59,240,299
2755,17,75,433,508
2756,18,55,384,439
2757,19,40,230,270
2758,20,34,160,194
2759,21,50,145,195
2760,22,36,110,146
2761,23,25,88,113
2762,0,33,73,106
2763,1,15,59,74
2764,2,12,53,65
2765,3,4,13,17
2766,4,2,5,7
2767,5,3,4,7
2768,6,10,11,21
2769,7,21,27,48
2770,8,21,70,91
2771,9,35,121,156
2772,10,94,185,279
2773,11,120,201,321
2774,12,178,238,416
2775,13,185,270,455
2776,14,184,268,452
2777,15,217,282,499
2778,16,191,273,464
2779,17,162,245,407
2780,18,134,237,371
2781,19,150,237,387
2782,20,65,159,224
2783,21,58,119,177
2784,22,37,106,143
2785,23,34,91,125
2786,0,19,77,96
2787,1,9,50,59
2788,2,7,43,50
2789,3,8,15,23
2790,4,6,11,17
2791,5,0,10,10
2792,6,4,9,13
2793,7,7,26,33
2794,8,16,43,59
2795,9,45,96,141
2796,10,109,155,264
2797,11,109,141,250
2798,12,109,172,281
2799,13,123,209,332
2800,14,85,153,238
2801,15,113,153,266
2802,16,75,139,214
2803,17,60,136,196
2804,18,33,126,159
2805,19,47,131,178
2806,20,35,86,121
2807,21,23,82,105
2808,22,32,68,100
2809,23,64,82,146
2810,0,68,109,177
2811,1,41,73,114
2812,2,16,19,35
2813,3,9,7,16
2814,4,9,8,17
2815,5,4,16,20
2816,6,3,59,62
2817,7,16,193,209
2818,8,21,350,371
2819,9,41,131,172
2820,10,31,77,108
2821,11,34,96,130
2822,12,40,147,187
2823,13,51,119,170
2824,14,48,133,181
2825,15,45,110,155
2826,16,49,220,269
2827,17,65,472,537
2828,18,68,450,518
2829,19,46,268,314
2830,20,44,174,218
2831,21,54,178,232
2832,22,28,97,125
2833,23,16,48,64
2834,0,0,16,16
2835,1,0,14,14
2836,2,0,5,5
2837,3,0,2,2
2838,4,3,1,4
2839,5,0,14,14
2840,6,7,102,109
2841,7,17,248,265
2842,8,24,435,459
2843,9,29,157,186
2844,10,36,91,127
2845,11,20,120,140
2846,12,48,169,217
2847,13,50,144,194
2848,14,36,122,158
2849,15,37,117,154
2850,16,46,225,271
2851,17,53,464,517
2852,18,59,485,544
2853,19,42,323,365
2854,20,28,262,290
2855,21,42,183,225
2856,22,14,99,113
2857,23,12,50,62
2858,0,5,22,27
2859,1,1,6,7
2860,2,0,4,4
2861,3,0,1,1
2862,4,1,2,3
2863,5,1,8,9
2864,6,0,21,21
2865,7,6,46,52
2866,8,5,74,79
2867,9,5,35,40
2868,10,5,26,31
2869,11,3,69,72
2870,12,19,105,124
2871,13,15,128,143
2872,14,13,94,107
2873,15,22,107,129
2874,16,22,173,195
2875,17,22,388,410
2876,18,29,367,396
2877,19,30,266,296
2878,20,17,174,191
2879,21,17,133,150
2880,22,9,80,89
2881,23,8,49,57
2882,0,4,23,27
2883,1,4,6,10
2884,2,1,4,5
2885,3,0,4,4
2886,4,4,3,7
2887,5,1,29,30
2888,6,3,86,89
2889,7,16,255,271
2890,8,25,415,440
2891,9,20,164,184
2892,10,30,98,128
2893,11,43,105,148
2894,12,27,169,196
2895,13,50,142,192
2896,14,19,135,154
2897,15,27,120,147
2898,16,36,233,269
2899,17,66,467,533
2900,18,64,456,520
2901,19,56,305,361
2902,20,33,225,258
2903,21,39,141,180
2904,22,30,135,165
2905,23,16,99,115
2906,0,13,43,56
2907,1,8,24,32
2908,2,1,15,16
2909,3,3,6,9
2910,4,0,1,1
2911,5,0,16,16
2912,6,8,74,82
2913,7,20,202,222
2914,8,35,415,450
2915,9,27,161,188
2916,10,30,97,127
2917,11,42,123,165
2918,12,48,198,246
2919,13,71,182,253
2920,14,86,127,213
2921,15,89,171,260
2922,16,82,262,344
2923,17,83,470,553
2924,18,85,385,470
2925,19,39,253,292
2926,20,29,161,190
2927,21,22,130,152
2928,22,46,105,151
2929,23,27,93,120
2930,0,10,76,86
2931,1,8,50,58
2932,2,5,47,52
2933,3,9,9,18
2934,4,1,4,5
2935,5,4,3,7
2936,6,1,12,13
2937,7,8,32,40
2938,8,19,96,115
2939,9,54,164,218
2940,10,90,208,298
2941,11,132,215,347
2942,12,129,244,373
2943,13,196,240,436
2944,14,143,235,378
2945,15,148,230,378
2946,16,119,223,342
2947,17,138,216,354
2948,18,114,175,289
2949,19,88,179,267
2950,20,82,137,219
2951,21,58,124,182
2952,22,26,94,120
2953,23,30,89,119
2954,0,22,78,100
2955,1,8,56,64
2956,2,17,42,59
2957,3,10,21,31
2958,4,2,8,10
2959,5,0,5,5
2960,6,2,4,6
2961,7,8,15,23
2962,8,28,58,86
2963,9,48,112,160
2964,10,91,153,244
2965,11,142,198,340
2966,12,139,243,382
2967,13,166,224,390
2968,14,126,240,366
2969,15,128,230,358
2970,16,122,263,385
2971,17,106,245,351
2972,18,63,205,268
2973,19,61,178,239
2974,20,42,132,174
2975,21,32,95,127
2976,22,29,86,115
2977,23,9,41,50
2978,0,31,22,53
2979,1,25,8,33
2980,2,6,2,8
2981,3,0,7,7
2982,4,0,4,4
2983,5,0,23,23
2984,6,2,87,89
2985,7,16,221,237
2986,8,23,351,374
2987,9,36,142,178
2988,10,24,95,119
2989,11,26,99,125
2990,12,35,160,195
2991,13,36,138,174
2992,14,44,118,162
2993,15,51,148,199
2994,16,49,255,304
2995,17,59,539,598
2996,18,66,458,524
2997,19,45,339,384
2998,20,25,214,239
2999,21,28,128,156
3000,22,21,95,116
3001,23,16,45,61
3002,0,6,12,18
3003,1,3,12,15
3004,2,1,4,5
3005,3,1,3,4
3006,4,0,2,2
3007,5,1,28,29
3008,6,9,103,112
3009,7,13,301,314
3010,8,28,397,425
3011,9,29,176,205
3012,10,27,100,127
3013,11,17,108,125
3014,12,47,170,217
3015,13,50,152,202
3016,14,42,134,176
3017,15,28,152,180
3018,16,56,271,327
3019,17,79,532,611
3020,18,70,480,550
3021,19,69,365,434
3022,20,50,241,291
3023,21,30,173,203
3024,22,29,121,150
3025,23,9,72,81
3026,0,8,30,38
3027,1,4,16,20
3028,2,6,4,10
3029,3,0,3,3
3030,4,0,2,2
3031,5,0,20,20
3032,6,6,93,99
3033,7,25,293,318
3034,8,21,421,442
3035,9,21,182,203
3036,10,30,124,154
3037,11,18,123,141
3038,12,41,185,226
3039,13,36,157,193
3040,14,36,141,177
3041,15,48,131,179
3042,16,49,240,289
3043,17,17,242,259
3044,18,40,234,274
3045,19,60,341,401
3046,20,28,245,273
3047,21,32,202,234
3048,22,12,134,146
3049,23,12,69,81
3050,0,5,39,44
3051,1,1,16,17
3052,2,1,14,15
3053,3,0,5,5
3054,4,1,5,6
3055,5,2,27,29
3056,6,9,103,112
3057,7,14,283,297
3058,8,27,394,421
3059,9,21,191,212
3060,10,28,119,147
3061,11,43,136,179
3062,12,43,164,207
3063,13,48,170,218
3064,14,43,148,191
3065,15,54,163,217
3066,16,50,238,288
3067,17,54,540,594
3068,18,64,463,527
3069,19,59,305,364
3070,20,56,220,276
3071,21,31,192,223
3072,22,25,147,172
3073,23,16,87,103
3074,0,6,46,52
3075,1,5,15,20
3076,2,3,8,11
3077,3,2,2,4
3078,4,2,3,5
3079,5,1,24,25
3080,6,6,76,82
3081,7,16,141,157
3082,8,26,361,387
3083,9,18,215,233
3084,10,31,99,130
3085,11,56,90,146
3086,12,53,170,223
3087,13,69,157,226
3088,14,70,120,190
3089,15,56,142,198
3090,16,44,256,300
3091,17,62,429,491
3092,18,39,359,398
3093,19,25,245,270
3094,20,22,130,152
3095,21,24,130,154
3096,22,25,107,132
3097,23,31,88,119
3098,0,24,78,102
3099,1,18,64,82
3100,2,15,37,52
3101,3,5,30,35
3102,4,1,4,5
3103,5,7,7,14
3104,6,2,9,11
3105,7,4,28,32
3106,8,16,72,88
3107,9,14,86,100
3108,10,34,133,167
3109,11,72,207,279
3110,12,75,204,279
3111,13,68,180,248
3112,14,57,159,216
3113,15,73,221,294
3114,16,107,188,295
3115,17,78,194,272
3116,18,88,216,304
3117,19,69,179,248
3118,20,42,115,157
3119,21,15,44,59
3120,22,7,19,26
3121,23,11,33,44
3122,0,5,34,39
3123,1,4,43,47
3124,2,13,37,50
3125,3,11,21,32
3126,4,5,8,13
3127,5,3,11,14
3128,6,3,14,17
3129,7,4,38,42
3130,8,24,46,70
3131,9,36,98,134
3132,10,73,153,226
3133,11,120,202,322
3134,12,120,247,367
3135,13,195,261,456
3136,14,183,254,437
3137,15,206,253,459
3138,16,158,282,440
3139,17,137,255,392
3140,18,60,177,237
3141,19,78,153,231
3142,20,53,138,191
3143,21,44,107,151
3144,22,29,88,117
3145,23,18,51,69
3146,0,17,21,38
3147,1,6,8,14
3148,2,4,9,13
3149,3,1,3,4
3150,4,1,5,6
3151,5,1,20,21
3152,6,11,93,104
3153,7,27,245,272
3154,8,28,366,394
3155,9,38,156,194
3156,10,37,75,112
3157,11,56,129,185
3158,12,72,137,209
3159,13,61,153,214
3160,14,76,117,193
3161,15,55,110,165
3162,16,45,181,226
3163,17,47,227,274
3164,18,55,398,453
3165,19,36,272,308
3166,20,31,167,198
3167,21,28,149,177
3168,22,22,105,127
3169,23,18,39,57
3170,0,13,18,31
3171,1,7,6,13
3172,2,4,4,8
3173,3,1,3,4
3174,4,2,2,4
3175,5,0,22,22
3176,6,0,49,49
3177,7,13,138,151
3178,8,22,325,347
3179,9,17,190,207
3180,10,31,73,104
3181,11,26,104,130
3182,12,38,115,153
3183,13,31,141,172
3184,14,61,123,184
3185,15,79,131,210
3186,16,73,217,290
3187,17,83,521,604
3188,18,54,426,480
3189,19,51,298,349
3190,20,30,253,283
3191,21,23,151,174
3192,22,12,86,98
3193,23,7,49,56
3194,0,8,15,23
3195,1,3,9,12
3196,2,1,5,6
3197,3,6,3,9
3198,4,1,2,3
3199,5,0,9,9
3200,6,2,99,101
3201,7,14,260,274
3202,8,25,428,453
3203,9,26,176,202
3204,10,33,73,106
3205,11,6,17,23
3206,12,12,42,54
3207,13,30,92,122
3208,14,44,94,138
3209,15,34,133,167
3210,16,53,241,294
3211,17,78,487,565
3212,18,58,431,489
3213,19,43,288,331
3214,20,24,189,213
3215,21,11,74,85
3216,22,14,103,117
3217,23,10,49,59
3218,0,6,23,29
3219,1,2,4,6
3220,2,3,12,15
3221,3,1,3,4
3222,4,2,3,5
3223,5,2,24,26
3224,6,17,86,103
3225,7,18,239,257
3226,8,34,453,487
3227,9,40,176,216
3228,10,35,95,130
3229,11,53,111,164
3230,12,38,130,168
3231,13,44,139,183
3232,14,43,137,180
3233,15,63,125,188
3234,16,55,247,302
3235,17,60,487,547
3236,18,59,454,513
3237,19,65,345,410
3238,20,46,236,282
3239,21,29,180,209
3240,22,11,68,79
3241,23,9,63,72
3242,0,15,33,48
3243,1,8,17,25
3244,2,4,4,8
3245,3,1,4,5
3246,4,1,4,5
3247,5,0,28,28
3248,6,15,102,117
3249,7,30,289,319
3250,8,41,476,517
3251,9,35,199,234
3252,10,44,104,148
3253,11,63,133,196
3254,12,69,186,255
3255,13,60,172,232
3256,14,66,131,197
3257,15,74,168,242
3258,16,61,269,330
3259,17,71,483,554
3260,18,79,394,473
3261,19,49,253,302
3262,20,40,180,220
3263,21,40,155,195
3264,22,28,124,152
3265,23,15,100,115
3266,0,20,78,98
3267,1,8,64,72
3268,2,5,35,40
3269,3,7,12,19
3270,4,1,6,7
3271,5,1,4,5
3272,6,6,22,28
3273,7,10,33,43
3274,8,29,97,126
3275,9,60,165,225
3276,10,122,201,323
3277,11,173,245,418
3278,12,222,271,493
3279,13,191,271,462
3280,14,187,269,456
3281,15,232,274,506
3282,16,204,267,471
3283,17,191,253,444
3284,18,191,253,444
3285,19,117,184,301
3286,20,84,164,248
3287,21,77,150,227
3288,22,78,126,204
3289,23,42,103,145
3290,0,31,100,131
3291,1,17,81,98
3292,2,18,50,68
3293,3,10,23,33
3294,4,3,9,12
3295,5,1,5,6
3296,6,5,13,18
3297,7,13,27,40
3298,8,29,65,94
3299,9,59,130,189
3300,10,135,170,305
3301,11,164,209,373
3302,12,146,255,401
3303,13,180,275,455
3304,14,125,191,316
3305,15,110,221,331
3306,16,72,201,273
3307,17,93,213,306
3308,18,120,238,358
3309,19,107,193,300
3310,20,57,174,231
3311,21,27,109,136
3312,22,35,86,121
3313,23,19,46,65
3314,0,23,18,41
3315,1,4,5,9
3316,2,2,3,5
3317,3,0,4,4
3318,4,2,2,4
3319,5,0,11,11
3320,6,4,92,96
3321,7,13,223,236
3322,8,50,359,409
3323,9,36,131,167
3324,10,49,72,121
3325,11,73,107,180
3326,12,65,139,204
3327,13,49,155,204
3328,14,57,130,187
3329,15,57,119,176
3330,16,56,223,279
3331,17,56,373,429
3332,18,68,385,453
3333,19,56,302,358
3334,20,39,271,310
3335,21,33,155,188
3336,22,25,106,131
3337,23,19,53,72
3338,0,12,23,35
3339,1,6,9,15
3340,2,2,8,10
3341,3,0,2,2
3342,4,1,3,4
3343,5,2,22,24
3344,6,10,102,112
3345,7,26,288,314
3346,8,31,403,434
3347,9,27,111,138
3348,10,18,90,108
3349,11,33,142,175
3350,12,41,129,170
3351,13,38,152,190
3352,14,27,126,153
3353,15,59,129,188
3354,16,52,225,277
3355,17,56,492,548
3356,18,74,490,564
3357,19,45,310,355
3358,20,39,241,280
3359,21,21,168,189
3360,22,26,115,141
3361,23,13,53,66
3362,0,3,32,35
3363,1,6,2,8
3364,2,0,8,8
3365,3,0,9,9
3366,4,0,3,3
3367,5,2,23,25
3368,6,4,113,117
3369,7,29,284,313
3370,8,36,495,531
3371,9,27,207,234
3372,10,30,105,135
3373,11,36,104,140
3374,12,32,178,210
3375,13,39,163,202
3376,14,47,121,168
3377,15,37,145,182
3378,16,61,238,299
3379,17,77,524,601
3380,18,66,451,517
3381,19,73,332,405
3382,20,56,284,340
3383,21,33,203,236
3384,22,34,140,174
3385,23,12,74,86
3386,0,11,34,45
3387,1,3,13,16
3388,2,7,7,14
3389,3,0,4,4
3390,4,0,2,2
3391,5,2,25,27
3392,6,4,94,98
3393,7,16,270,286
3394,8,31,458,489
3395,9,22,194,216
3396,10,49,94,143
3397,11,36,124,160
3398,12,53,141,194
3399,13,52,145,197
3400,14,44,145,189
3401,15,40,101,141
3402,16,58,233,291
3403,17,49,445,494
3404,18,74,404,478
3405,19,67,311,378
3406,20,55,267,322
3407,21,45,178,223
3408,22,23,157,180
3409,23,17,73,90
3410,0,14,55,69
3411,1,14,36,50
3412,2,6,12,18
3413,3,1,11,12
3414,4,2,5,7
3415,5,2,29,31
3416,6,8,73,81
3417,7,20,229,249
3418,8,25,393,418
3419,9,37,190,227
3420,10,42,111,153
3421,11,40,126,166
3422,12,53,190,243
3423,13,51,158,209
3424,14,51,188,239
3425,15,98,258,356
3426,16,63,356,419
3427,17,77,414,491
3428,18,89,310,399
3429,19,69,210,279
3430,20,24,120,144
3431,21,37,114,151
3432,22,25,116,141
3433,23,23,104,127
3434,0,15,79,94
3435,1,8,47,55
3436,2,13,35,48
3437,3,2,13,15
3438,4,0,4,4
3439,5,4,3,7
3440,6,3,16,19
3441,7,17,33,50
3442,8,27,75,102
3443,9,61,116,177
3444,10,110,166,276
3445,11,171,178,349
3446,12,145,213,358
3447,13,168,217,385
3448,14,172,210,382
3449,15,187,187,374
3450,16,201,201,402
3451,17,180,161,341
3452,18,173,212,385
3453,19,99,153,252
3454,20,68,128,196
3455,21,87,114,201
3456,22,46,115,161
3457,23,44,81,125
3458,0,32,51,83
3459,1,17,49,66
3460,2,12,49,61
3461,3,2,24,26
3462,4,13,10,23
3463,5,3,3,6
3464,6,5,10,15
3465,7,13,17,30
3466,8,34,62,96
3467,9,74,78,152
3468,10,130,121,251
3469,11,139,180,319
3470,12,216,186,402
3471,13,237,181,418
3472,14,183,168,351
3473,15,221,155,376
3474,16,194,167,361
3475,17,214,169,383
3476,18,151,177,328
3477,19,141,146,287
3478,20,91,128,219
3479,21,107,122,229
3480,22,78,93,171
3481,23,48,87,135
3482,0,38,65,103
3483,1,26,53,79
3484,2,17,28,45
3485,3,10,8,18
3486,4,2,4,6
3487,5,1,6,7
3488,6,6,10,16
3489,7,12,19,31
3490,8,36,58,94
3491,9,47,81,128
3492,10,116,153,269
3493,11,153,168,321
3494,12,179,187,366
3495,13,133,217,350
3496,14,142,185,327
3497,15,132,179,311
3498,16,101,208,309
3499,17,102,202,304
3500,18,77,172,249
3501,19,68,157,225
3502,20,69,168,237
3503,21,42,107,149
3504,22,26,80,106
3505,23,14,34,48
3506,0,9,20,29
3507,1,8,9,17
3508,2,5,7,12
3509,3,1,3,4
3510,4,0,3,3
3511,5,0,26,26
3512,6,11,98,109
3513,7,16,219,235
3514,8,34,372,406
3515,9,22,153,175
3516,10,37,72,109
3517,11,28,78,106
3518,12,37,125,162
3519,13,37,110,147
3520,14,41,99,140
3521,15,42,133,175
3522,16,44,205,249
3523,17,67,428,495
3524,18,55,362,417
3525,19,39,246,285
3526,20,38,213,251
3527,21,45,165,210
3528,22,42,117,159
3529,23,15,46,61
3530,0,9,25,34
3531,1,8,9,17
3532,2,0,3,3
3533,3,0,6,6
3534,4,0,4,4
3535,5,2,19,21
3536,6,7,121,128
3537,7,19,265,284
3538,8,37,417,454
3539,9,34,173,207
3540,10,31,84,115
3541,11,26,86,112
3542,12,32,137,169
3543,13,29,125,154
3544,14,40,105,145
3545,15,25,127,152
3546,16,39,227,266
3547,17,52,434,486
3548,18,31,278,309
3549,19,16,248,264
3550,20,23,233,256
3551,21,29,161,190
3552,22,14,115,129
3553,23,10,59,69
3554,0,11,31,42
3555,1,3,12,15
3556,2,0,6,6
3557,3,0,4,4
3558,4,0,3,3
3559,5,3,28,31
3560,6,7,106,113
3561,7,19,285,304
3562,8,25,442,467
3563,9,28,197,225
3564,10,33,106,139
3565,11,42,123,165
3566,12,39,193,232
3567,13,35,168,203
3568,14,43,142,185
3569,15,44,144,188
3570,16,63,255,318
3571,17,88,484,572
3572,18,74,451,525
3573,19,58,321,379
3574,20,51,286,337
3575,21,33,215,248
3576,22,14,141,155
3577,23,23,89,112
3578,0,15,53,68
3579,1,7,15,22
3580,2,0,12,12
3581,3,0,5,5
3582,4,1,5,6
3583,5,4,24,28
3584,6,8,98,106
3585,7,25,252,277
3586,8,31,471,502
3587,9,36,194,230
3588,10,54,107,161
3589,11,57,135,192
3590,12,51,208,259
3591,13,58,190,248
3592,14,66,174,240
3593,15,56,156,212
3594,16,63,286,349
3595,17,73,485,558
3596,18,76,488,564
3597,19,53,338,391
3598,20,57,236,293
3599,21,51,196,247
3600,22,26,145,171
3601,23,30,141,171
3602,0,24,69,93
3603,1,14,80,94
3604,2,18,41,59
3605,3,8,10,18
3606,4,4,11,15
3607,5,3,5,8
3608,6,11,17,28
3609,7,27,60,87
3610,8,29,96,125
3611,9,55,169,224
3612,10,115,202,317
3613,11,120,249,369
3614,12,150,270,420
3615,13,188,268,456
3616,14,193,258,451
3617,15,180,224,404
3618,16,168,272,440
3619,17,142,202,344
3620,18,127,214,341
3621,19,79,206,285
3622,20,90,149,239
3623,21,46,139,185
3624,22,49,141,190
3625,23,29,121,150
3626,0,23,90,113
3627,1,26,70,96
3628,2,16,48,64
3629,3,22,25,47
3630,4,4,8,12
3631,5,1,5,6
3632,6,10,11,21
3633,7,8,19,27
3634,8,24,74,98
3635,9,53,111,164
3636,10,83,168,251
3637,11,121,214,335
3638,12,123,212,335
3639,13,154,213,367
3640,14,161,224,385
3641,15,161,256,417
3642,16,138,260,398
3643,17,126,264,390
3644,18,124,239,363
3645,19,108,249,357
3646,20,84,195,279
3647,21,54,111,165
3648,22,36,94,130
3649,23,25,61,86
3650,0,11,18,29
3651,1,9,5,14
3652,2,4,4,8
3653,3,2,3,5
3654,4,4,4,8
3655,5,7,24,31
3656,6,11,101,112
3657,7,18,281,299
3658,8,28,410,438
3659,9,26,162,188
3660,10,31,64,95
3661,11,39,72,111
3662,12,25,128,153
3663,13,28,152,180
3664,14,46,99,145
3665,15,38,127,165
3666,16,34,233,267
3667,17,63,516,579
3668,18,56,500,556
3669,19,64,343,407
3670,20,59,277,336
3671,21,29,160,189
3672,22,36,137,173
3673,23,5,55,60
3674,0,5,15,20
3675,1,2,2,4
3676,2,3,2,5
3677,3,1,1,2
3678,4,2,3,5
3679,5,2,30,32
3680,6,10,116,126
3681,7,23,311,334
3682,8,45,432,477
3683,9,27,190,217
3684,10,37,86,123
3685,11,38,113,151
3686,12,42,141,183
3687,13,55,141,196
3688,14,34,112,146
3689,15,56,127,183
3690,16,55,253,308
3691,17,64,475,539
3692,18,72,479,551
3693,19,69,355,424
3694,20,45,301,346
3695,21,31,187,218
3696,22,27,126,153
3697,23,18,72,90
3698,0,12,29,41
3699,1,3,20,23
3700,2,0,7,7
3701,3,2,1,3
3702,4,0,6,6
3703,5,0,21,21
3704,6,13,103,116
3705,7,24,329,353
3706,8,46,435,481
3707,9,34,168,202
3708,10,27,63,90
3709,11,28,106,134
3710,12,15,134,149
3711,13,20,116,136
3712,14,44,111,155
3713,15,28,100,128
3714,16,34,199,233
3715,17,80,426,506
3716,18,61,398,459
3717,19,61,323,384
3718,20,55,225,280
3719,21,34,168,202
3720,22,37,139,176
3721,23,18,98,116
3722,0,7,40,47
3723,1,3,13,16
3724,2,0,6,6
3725,3,0,2,2
3726,4,2,4,6
3727,5,1,19,20
3728,6,13,105,118
3729,7,31,283,314
3730,8,32,400,432
3731,9,20,148,168
3732,10,20,74,94
3733,11,36,82,118
3734,12,40,100,140
3735,13,18,118,136
3736,14,25,93,118
3737,15,18,86,104
3738,16,30,170,200
3739,17,54,355,409
3740,18,52,414,466
3741,19,55,271,326
3742,20,40,214,254
3743,21,29,142,171
3744,22,22,131,153
3745,23,15,82,97
3746,0,8,61,69
3747,1,5,18,23
3748,2,6,7,13
3749,3,3,3,6
3750,4,0,4,4
3751,5,0,28,28
3752,6,10,94,104
3753,7,25,242,267
3754,8,29,423,452
3755,9,37,176,213
3756,10,23,88,111
3757,11,46,107,153
3758,12,40,167,207
3759,13,40,149,189
3760,14,44,121,165
3761,15,49,163,212
3762,16,46,239,285
3763,17,63,454,517
3764,18,96,367,463
3765,19,61,245,306
3766,20,53,197,250
3767,21,55,163,218
3768,22,40,145,185
3769,23,36,110,146
3770,0,28,89,117
3771,1,10,67,77
3772,2,10,50,60
3773,3,10,18,28
3774,4,4,9,13
3775,5,4,12,16
3776,6,9,31,40
3777,7,18,50,68
3778,8,32,111,143
3779,9,59,171,230
3780,10,91,173,264
3781,11,110,215,325
3782,12,112,235,347
3783,13,150,237,387
3784,14,148,232,380
3785,15,142,232,374
3786,16,169,225,394
3787,17,147,190,337
3788,18,131,155,286
3789,19,97,167,264
3790,20,95,180,275
3791,21,76,144,220
3792,22,53,137,190
3793,23,24,107,131
3794,0,19,100,119
3795,1,19,74,93
3796,2,9,57,66
3797,3,8,20,28
3798,4,8,6,14
3799,5,5,5,10
3800,6,5,9,14
3801,7,7,27,34
3802,8,28,64,92
3803,9,75,107,182
3804,10,120,191,311
3805,11,131,236,367
3806,12,176,244,420
3807,13,109,264,373
3808,14,96,219,315
3809,15,142,218,360
3810,16,115,235,350
3811,17,94,158,252
3812,18,69,187,256
3813,19,67,156,223
3814,20,62,144,206
3815,21,39,101,140
3816,22,31,97,128
3817,23,33,74,107
3818,0,8,20,28
3819,1,6,10,16
3820,2,2,8,10
3821,3,1,6,7
3822,4,1,3,4
3823,5,2,27,29
3824,6,7,98,105
3825,7,26,302,328
3826,8,44,432,476
3827,9,35,189,224
3828,10,38,80,118
3829,11,53,106,159
3830,12,35,161,196
3831,13,53,174,227
3832,14,55,145,200
3833,15,58,127,185
3834,16,64,262,326
3835,17,72,529,601
3836,18,76,510,586
3837,19,75,348,423
3838,20,78,253,331
3839,21,40,178,218
3840,22,20,114,134
3841,23,14,75,89
3842,0,13,18,31
3843,1,3,10,13
3844,2,2,8,10
3845,3,1,1,2
3846,4,0,3,3
3847,5,3,23,26
3848,6,6,107,113
3849,7,19,346,365
3850,8,45,441,486
3851,9,19,174,193
3852,10,33,97,130
3853,11,40,103,143
3854,12,30,139,169
3855,13,33,176,209
3856,14,41,118,159
3857,15,42,136,178
3858,16,51,279,330
3859,17,85,484,569
3860,18,65,473,538
3861,19,51,335,386
3862,20,60,237,297
3863,21,37,206,243
3864,22,29,159,188
3865,23,19,91,110
3866,0,8,44,52
3867,1,0,14,14
3868,2,0,9,9
3869,3,0,1,1
3870,4,0,4,4
3871,5,1,20,21
3872,6,11,110,121
3873,7,22,348,370
3874,8,53,445,498
3875,9,22,185,207
3876,10,27,108,135
3877,11,49,115,164
3878,12,33,178,211
3879,13,43,146,189
3880,14,50,128,178
3881,15,33,131,164
3882,16,47,265,312
3883,17,83,555,638
3884,18,80,527,607
3885,19,54,362,416
3886,20,57,273,330
3887,21,48,209,257
3888,22,31,144,175
3889,23,17,90,107
3890,0,9,38,47
3891,1,4,13,17
3892,2,1,4,5
3893,3,0,4,4
3894,4,0,6,6
3895,5,7,18,25
3896,6,8,104,112
3897,7,16,172,188
3898,8,24,364,388
3899,9,29,232,261
3900,10,18,103,121
3901,11,33,117,150
3902,12,41,165,206
3903,13,37,114,151
3904,14,39,114,153
3905,15,32,127,159
3906,16,36,258,294
3907,17,42,230,272
3908,18,26,299,325
3909,19,58,269,327
3910,20,25,176,201
3911,21,34,154,188
3912,22,24,127,151
3913,23,2,14,16
3914,0,3,21,24
3915,1,4,19,23
3916,2,2,11,13
3917,3,1,5,6
3918,4,1,5,6
3919,5,1,12,13
3920,6,8,89,97
3921,7,25,225,250
3922,8,28,426,454
3923,9,28,196,224
3924,10,44,126,170
3925,11,43,138,181
3926,12,49,194,243
3927,13,48,156,204
3928,14,73,142,215
3929,15,62,181,243
3930,16,69,286,355
3931,17,85,467,552
3932,18,62,388,450
3933,19,53,275,328
3934,20,40,192,232
3935,21,49,159,208
3936,22,48,127,175
3937,23,37,141,178
3938,0,21,83,104
3939,1,15,80,95
3940,2,16,37,53
3941,3,4,16,20
3942,4,1,4,5
3943,5,1,6,7
3944,6,9,18,27
3945,7,12,45,57
3946,8,28,103,131
3947,9,62,156,218
3948,10,68,176,244
3949,11,134,270,404
3950,12,162,258,420
3951,13,135,192,327
3952,14,138,196,334
3953,15,153,214,367
3954,16,193,275,468
3955,17,210,239,449
3956,18,118,263,381
3957,19,99,227,326
3958,20,61,127,188
3959,21,58,125,183
3960,22,56,105,161
3961,23,53,97,150
3962,0,18,71,89
3963,1,17,59,76
3964,2,13,59,72
3965,3,14,16,30
3966,4,7,10,17
3967,5,7,12,19
3968,6,11,22,33
3969,7,35,36,71
3970,8,25,59,84
3971,9,58,111,169
3972,10,86,158,244
3973,11,141,236,377
3974,12,141,255,396
3975,13,149,214,363
3976,14,124,193,317
3977,15,146,216,362
3978,16,121,257,378
3979,17,159,238,397
3980,18,78,218,296
3981,19,94,217,311
3982,20,86,146,232
3983,21,57,110,167
3984,22,38,114,152
3985,23,14,78,92
3986,0,7,19,26
3987,1,9,3,12
3988,2,2,0,2
3989,3,1,0,1
3990,4,1,2,3
3991,5,0,3,3
3992,6,1,25,26
3993,7,0,46,46
3994,8,12,209,221
3995,9,19,200,219
3996,10,33,58,91
3997,11,27,67,94
3998,12,33,129,162
3999,13,50,129,179
4000,14,45,130,175
4001,15,66,139,205
4002,16,61,238,299
4003,17,81,484,565
4004,18,64,474,538
4005,19,62,369,431
4006,20,52,264,316
4007,21,39,167,206
4008,22,24,106,130
4009,23,10,50,60
4010,0,10,23,33
4011,1,2,12,14
4012,2,1,5,6
4013,3,0,2,2
4014,4,2,7,9
4015,5,3,22,25
4016,6,8,107,115
4017,7,21,288,309
4018,8,33,368,401
4019,9,32,243,275
4020,10,41,120,161
4021,11,52,119,171
4022,12,40,149,189
4023,13,49,158,207
4024,14,44,108,152
4025,15,42,128,170
4026,16,62,273,335
4027,17,65,507,572
4028,18,67,469,536
4029,19,67,358,425
4030,20,72,254,326
4031,21,38,191,229
4032,22,12,97,109
4033,23,11,53,64
4034,0,15,18,33
4035,1,2,19,21
4036,2,2,5,7
4037,3,0,7,7
4038,4,3,8,11
4039,5,2,21,23
4040,6,12,110,122
4041,7,23,288,311
4042,8,27,396,423
4043,9,14,205,219
4044,10,31,104,135
4045,11,37,108,145
4046,12,44,144,188
4047,13,34,113,147
4048,14,32,113,145
4049,15,32,114,146
4050,16,34,224,258
4051,17,67,462,529
4052,18,66,447,513
4053,19,62,280,342
4054,20,52,230,282
4055,21,31,216,247
4056,22,25,123,148
4057,23,14,91,105
4058,0,5,44,49
4059,1,5,26,31
4060,2,0,4,4
4061,3,1,4,5
4062,4,0,7,7
4063,5,2,22,24
4064,6,8,92,100
4065,7,26,301,327
4066,8,20,412,432
4067,9,33,194,227
4068,10,39,88,127
4069,11,28,108,136
4070,12,30,130,160
4071,13,37,149,186
4072,14,46,103,149
4073,15,62,127,189
4074,16,58,217,275
4075,17,74,495,569
4076,18,57,483,540
4077,19,56,344,400
4078,20,75,277,352
4079,21,46,188,234
4080,22,23,139,162
4081,23,15,90,105
4082,0,10,53,63
4083,1,8,20,28
4084,2,4,10,14
4085,3,1,4,5
4086,4,1,8,9
4087,5,2,18,20
4088,6,4,87,91
4089,7,21,247,268
4090,8,27,439,466
4091,9,28,203,231
4092,10,43,102,145
4093,11,56,147,203
4094,12,51,150,201
4095,13,43,178,221
4096,14,67,162,229
4097,15,69,147,216
4098,16,80,247,327
4099,17,85,472,557
4100,18,87,365,452
4101,19,92,293,385
4102,20,66,222,288
4103,21,50,183,233
4104,22,41,126,167
4105,23,33,139,172
4106,0,19,97,116
4107,1,20,75,95
4108,2,8,51,59
4109,3,18,21,39
4110,4,7,4,11
4111,5,6,8,14
4112,6,12,17,29
4113,7,7,35,42
4114,8,27,85,112
4115,9,47,139,186
4116,10,99,203,302
4117,11,122,209,331
4118,12,140,252,392
4119,13,140,231,371
4120,14,151,232,383
4121,15,157,235,392
4122,16,175,235,410
4123,17,152,247,399
4124,18,108,199,307
4125,19,121,254,375
4126,20,74,195,269
4127,21,62,140,202
4128,22,61,126,187
4129,23,49,130,179
4130,0,30,85,115
4131,1,17,73,90
4132,2,17,70,87
4133,3,12,22,34
4134,4,3,8,11
4135,5,3,9,12
4136,6,7,13,20
4137,7,24,27,51
4138,8,29,78,107
4139,9,75,131,206
4140,10,136,196,332
4141,11,127,219,346
4142,12,175,268,443
4143,13,197,245,442
4144,14,197,246,443
4145,15,174,229,403
4146,16,177,278,455
4147,17,178,243,421
4148,18,117,265,382
4149,19,89,228,317
4150,20,55,158,213
4151,21,48,135,183
4152,22,19,95,114
4153,23,14,64,78
4154,0,7,25,32
4155,1,4,11,15
4156,2,3,3,6
4157,3,0,2,2
4158,4,1,8,9
4159,5,1,21,22
4160,6,4,90,94
4161,7,14,247,261
4162,8,29,418,447
4163,9,37,150,187
4164,10,55,95,150
4165,11,55,95,150
4166,12,40,130,170
4167,13,37,127,164
4168,14,58,100,158
4169,15,76,126,202
4170,16,53,222,275
4171,17,90,514,604
4172,18,79,512,591
4173,19,56,340,396
4174,20,54,251,305
4175,21,52,190,242
4176,22,33,112,145
4177,23,16,65,81
4178,0,5,25,30
4179,1,5,8,13
4180,2,2,9,11
4181,3,0,2,2
4182,4,1,7,8
4183,5,1,20,21
4184,6,7,117,124
4185,7,27,320,347
4186,8,39,417,456
4187,9,38,208,246
4188,10,45,112,157
4189,11,49,118,167
4190,12,41,161,202
4191,13,33,156,189
4192,14,43,117,160
4193,15,39,127,166
4194,16,41,220,261
4195,17,70,509,579
4196,18,68,436,504
4197,19,44,255,299
4198,20,50,246,296
4199,21,31,164,195
4200,22,30,104,134
4201,23,23,58,81
4202,0,11,25,36
4203,1,10,18,28
4204,2,7,9,16
4205,3,2,3,5
4206,4,0,5,5
4207,5,3,19,22
4208,6,12,104,116
4209,7,18,318,336
4210,8,41,499,540
4211,9,32,189,221
4212,10,31,95,126
4213,11,53,117,170
4214,12,55,188,243
4215,13,45,186,231
4216,14,50,138,188
4217,15,43,146,189
4218,16,60,268,328
4219,17,78,492,570
4220,18,78,510,588
4221,19,60,341,401
4222,20,69,264,333
4223,21,26,195,221
4224,22,32,151,183
4225,23,32,97,129
4226,0,15,39,54
4227,1,13,19,32
4228,2,2,6,8
4229,3,2,7,9
4230,4,2,4,6
4231,5,1,24,25
4232,6,4,119,123
4233,7,29,291,320
4234,8,44,511,555
4235,9,33,227,260
4236,10,35,97,132
4237,11,47,122,169
4238,12,50,183,233
4239,13,70,162,232
4240,14,46,117,163
4241,15,64,176,240
4242,16,63,260,323
4243,17,98,496,594
4244,18,114,472,586
4245,19,89,366,455
4246,20,55,285,340
4247,21,81,242,323
4248,22,43,164,207
4249,23,27,99,126
4250,0,20,48,68
4251,1,15,16,31
4252,2,6,7,13
4253,3,5,6,11
4254,4,1,5,6
4255,5,3,27,30
4256,6,11,97,108
4257,7,25,218,243
4258,8,39,453,492
4259,9,58,202,260
4260,10,61,109,170
4261,11,68,146,214
4262,12,83,180,263
4263,13,83,209,292
4264,14,78,225,303
4265,15,82,299,381
4266,16,85,342,427
4267,17,99,362,461
4268,18,98,324,422
4269,19,80,238,318
4270,20,84,185,269
4271,21,69,149,218
4272,22,49,173,222
4273,23,44,96,140
4274,0,31,84,115
4275,1,20,58,78
4276,2,9,43,52
4277,3,5,21,26
4278,4,3,8,11
4279,5,1,13,14
4280,6,11,21,32
4281,7,10,35,45
4282,8,38,94,132
4283,9,55,124,179
4284,10,103,168,271
4285,11,144,213,357
4286,12,142,232,374
4287,13,178,226,404
4288,14,177,215,392
4289,15,168,163,331
4290,16,206,192,398
4291,17,179,170,349
4292,18,193,190,383
4293,19,156,149,305
4294,20,136,148,284
4295,21,95,137,232
4296,22,78,123,201
4297,23,66,88,154
4298,0,47,97,144
4299,1,23,55,78
4300,2,19,50,69
4301,3,8,25,33
4302,4,3,2,5
4303,5,0,1,1
4304,6,0,3,3
4305,7,3,22,25
4306,8,39,53,92
4307,9,82,99,181
4308,10,131,133,264
4309,11,215,175,390
4310,12,198,206,404
4311,13,248,173,421
4312,14,225,150,375
4313,15,194,182,376
4314,16,195,219,414
4315,17,181,177,358
4316,18,74,107,181
4317,19,100,83,183
4318,20,83,93,176
4319,21,75,92,167
4320,22,69,93,162
4321,23,70,77,147
4322,0,63,77,140
4323,1,43,76,119
4324,2,33,30,63
4325,3,13,13,26
4326,4,8,4,12
4327,5,1,3,4
4328,6,5,11,16
4329,7,17,19,36
4330,8,42,44,86
4331,9,142,96,238
4332,10,166,114,280
4333,11,177,172,349
4334,12,237,210,447
4335,13,242,181,423
4336,14,235,173,408
4337,15,224,184,408
4338,16,236,216,452
4339,17,240,196,436
4340,18,222,196,418
4341,19,170,205,375
4342,20,195,191,386
4343,21,195,262,457
4344,22,115,211,326
4345,23,44,94,138
4346,0,19,36,55
4347,1,15,24,39
4348,2,8,5,13
4349,3,1,7,8
4350,4,1,4,5
4351,5,1,19,20
4352,6,3,91,94
4353,7,22,248,270
4354,8,41,391,432
4355,9,50,177,227
4356,10,55,84,139
4357,11,75,97,172
4358,12,71,130,201
4359,13,67,136,203
4360,14,66,112,178
4361,15,51,111,162
4362,16,79,202,281
4363,17,79,466,545
4364,18,70,426,496
4365,19,71,297,368
4366,20,59,225,284
4367,21,77,168,245
4368,22,31,124,155
4369,23,19,54,73
4370,0,11,26,37
4371,1,4,11,15
4372,2,1,4,5
4373,3,0,6,6
4374,4,0,6,6
4375,5,5,30,35
4376,6,9,112,121
4377,7,24,288,312
4378,8,31,397,428
4379,9,31,158,189
4380,10,13,30,43
4381,11,24,103,127
4382,12,38,114,152
4383,13,33,107,140
4384,14,50,113,163
4385,15,55,130,185
4386,16,57,218,275
4387,17,79,517,596
4388,18,77,486,563
4389,19,71,323,394
4390,20,55,257,312
4391,21,66,175,241
4392,22,30,156,186
4393,23,20,78,98
4394,0,6,29,35
4395,1,2,14,16
4396,2,1,7,8
4397,3,2,2,4
4398,4,0,4,4
4399,5,2,30,32
4400,6,11,107,118
4401,7,13,279,292
4402,8,28,415,443
4403,9,25,154,179
4404,10,29,72,101
4405,11,30,112,142
4406,12,32,139,171
4407,13,48,107,155
4408,14,39,121,160
4409,15,47,119,166
4410,16,47,218,265
4411,17,80,489,569
4412,18,70,492,562
4413,19,79,286,365
4414,20,61,224,285
4415,21,39,170,209
4416,22,32,150,182
4417,23,31,98,129
4418,0,6,41,47
4419,1,9,25,34
4420,2,10,12,22
4421,3,2,4,6
4422,4,7,4,11
4423,5,3,24,27
4424,6,11,91,102
4425,7,30,302,332
4426,8,36,421,457
4427,9,30,211,241
4428,10,30,108,138
4429,11,61,104,165
4430,12,49,164,213
4431,13,54,175,229
4432,14,53,163,216
4433,15,39,102,141
4434,16,27,105,132
4435,17,6,161,167
4436,18,35,281,316
4437,19,45,225,270
4438,20,30,220,250
4439,21,46,158,204
4440,22,33,136,169
4441,23,40,111,151
4442,0,31,90,121
4443,1,5,48,53
4444,2,12,43,55
4445,3,7,23,30
4446,4,2,4,6
4447,5,4,11,15
4448,6,11,27,38
4449,7,21,50,71
4450,8,68,114,182
4451,9,77,170,247
4452,10,87,177,264
4453,11,101,189,290
4454,12,145,221,366
4455,13,167,249,416
4456,14,158,215,373
4457,15,182,220,402
4458,16,171,245,416
4459,17,160,241,401
4460,18,132,246,378
4461,19,128,178,306
4462,20,129,185,314
4463,21,83,155,238
4464,22,60,154,214
4465,23,47,93,140
4466,0,42,112,154
4467,1,19,94,113
4468,2,28,68,96
4469,3,6,19,25
4470,4,0,5,5
4471,5,7,10,17
4472,6,8,17,25
4473,7,27,38,65
4474,8,27,65,92
4475,9,62,107,169
4476,10,95,173,268
4477,11,110,177,287
4478,12,133,244,377
4479,13,139,228,367
4480,14,122,227,349
4481,15,142,219,361
4482,16,128,244,372
4483,17,146,217,363
4484,18,141,222,363
4485,19,120,183,303
4486,20,101,167,268
4487,21,65,162,227
4488,22,56,87,143
4489,23,19,53,72
4490,0,10,25,35
4491,1,5,5,10
4492,2,8,4,12
4493,3,2,8,10
4494,4,0,4,4
4495,5,5,21,26
4496,6,19,102,121
4497,7,28,289,317
4498,8,35,385,420
4499,9,41,167,208
4500,10,44,73,117
4501,11,39,89,128
4502,12,40,108,148
4503,13,22,119,141
4504,14,40,94,134
4505,15,38,108,146
4506,16,57,182,239
4507,17,59,455,514
4508,18,57,415,472
4509,19,80,293,373
4510,20,42,194,236
4511,21,21,109,130
4512,22,20,70,90
4513,23,11,44,55
4514,0,3,19,22
4515,1,6,8,14
4516,2,2,7,9
4517,3,2,6,8
4518,4,0,6,6
4519,5,4,21,25
4520,6,13,102,115
4521,7,29,301,330
4522,8,35,382,417
4523,9,27,149,176
4524,10,38,85,123
4525,11,39,86,125
4526,12,38,125,163
4527,13,32,104,136
4528,14,33,91,124
4529,15,37,111,148
4530,16,25,177,202
4531,17,48,380,428
4532,18,39,472,511
4533,19,42,295,337
4534,20,57,251,308
4535,21,49,209,258
4536,22,44,150,194
4537,23,20,59,79
4538,0,9,37,46
4539,1,1,11,12
4540,2,2,3,5
4541,3,0,4,4
4542,4,0,5,5
4543,5,4,22,26
4544,6,18,103,121
4545,7,32,281,313
4546,8,31,418,449
4547,9,23,163,186
4548,10,33,80,113
4549,11,55,110,165
4550,12,40,134,174
4551,13,39,119,158
4552,14,27,89,116
4553,15,13,33,46
4554,16,23,118,141
4555,17,70,418,488
4556,18,51,412,463
4557,19,79,340,419
4558,20,61,281,342
4559,21,56,194,250
4560,22,48,136,184
4561,23,33,83,116
4562,0,14,32,46
4563,1,4,21,25
4564,2,3,7,10
4565,3,1,5,6
4566,4,0,6,6
4567,5,6,22,28
4568,6,14,116,130
4569,7,23,311,334
4570,8,53,433,486
4571,9,29,195,224
4572,10,32,95,127
4573,11,38,110,148
4574,12,51,172,223
4575,13,39,138,177
4576,14,49,129,178
4577,15,42,138,180
4578,16,43,231,274
4579,17,78,517,595
4580,18,94,484,578
4581,19,67,333,400
4582,20,81,267,348
4583,21,58,203,261
4584,22,42,134,176
4585,23,27,97,124
4586,0,23,57,80
4587,1,7,13,20
4588,2,16,22,38
4589,3,1,6,7
4590,4,2,8,10
4591,5,7,16,23
4592,6,12,108,120
4593,7,17,257,274
4594,8,50,514,564
4595,9,31,176,207
4596,10,59,107,166
4597,11,73,137,210
4598,12,61,177,238
4599,13,85,162,247
4600,14,105,160,265
4601,15,74,163,237
4602,16,96,265,361
4603,17,104,483,587
4604,18,102,394,496
4605,19,114,280,394
4606,20,92,251,343
4607,21,75,186,261
4608,22,71,152,223
4609,23,41,126,167
4610,0,42,68,110
4611,1,24,51,75
4612,2,10,48,58
4613,3,6,20,26
4614,4,9,7,16
4615,5,4,6,10
4616,6,16,21,37
4617,7,14,38,52
4618,8,37,90,127
4619,9,72,150,222
4620,10,114,208,322
4621,11,171,225,396
4622,12,187,276,463
4623,13,221,276,497
4624,14,201,232,433
4625,15,205,223,428
4626,16,183,242,425
4627,17,234,241,475
4628,18,185,243,428
4629,19,164,242,406
4630,20,108,188,296
4631,21,85,167,252
4632,22,65,136,201
4633,23,61,107,168
4634,0,34,91,125
4635,1,16,86,102
4636,2,28,66,94
4637,3,21,26,47
4638,4,4,6,10
4639,5,4,8,12
4640,6,10,11,21
4641,7,20,30,50
4642,8,45,73,118
4643,9,74,110,184
4644,10,127,177,304
4645,11,147,244,391
4646,12,177,243,420
4647,13,200,272,472
4648,14,168,262,430
4649,15,129,195,324
4650,16,129,188,317
4651,17,133,236,369
4652,18,147,243,390
4653,19,145,234,379
4654,20,85,177,262
4655,21,59,148,207
4656,22,65,116,181
4657,23,39,54,93
4658,0,21,30,51
4659,1,17,8,25
4660,2,2,8,10
4661,3,3,4,7
4662,4,1,3,4
4663,5,2,15,17
4664,6,10,95,105
4665,7,22,255,277
4666,8,18,329,347
4667,9,33,170,203
4668,10,52,78,130
4669,11,42,99,141
4670,12,39,126,165
4671,13,27,125,152
4672,14,32,106,138
4673,15,53,111,164
4674,16,45,220,265
4675,17,72,473,545
4676,18,80,478,558
4677,19,63,335,398
4678,20,91,232,323
4679,21,48,154,202
4680,22,36,104,140
4681,23,32,59,91
4682,0,25,26,51
4683,1,7,6,13
4684,2,9,4,13
4685,3,2,1,3
4686,4,1,4,5
4687,5,0,19,19
4688,6,8,126,134
4689,7,28,287,315
4690,8,31,381,412
4691,9,22,177,199
4692,10,29,112,141
4693,11,29,98,127
4694,12,26,127,153
4695,13,33,139,172
4696,14,41,111,152
4697,15,48,110,158
4698,16,61,216,277
4699,17,68,445,513
4700,18,80,450,530
4701,19,54,334,388
4702,20,48,229,277
4703,21,47,194,241
4704,22,36,120,156
4705,23,19,73,92
4706,0,11,29,40
4707,1,4,7,11
4708,2,2,7,9
4709,3,2,4,6
4710,4,0,4,4
4711,5,4,19,23
4712,6,5,111,116
4713,7,27,276,303
4714,8,34,404,438
4715,9,28,181,209
4716,10,34,76,110
4717,11,26,116,142
4718,12,28,121,149
4719,13,23,97,120
4720,14,44,83,127
4721,15,36,102,138
4722,16,30,204,234
4723,17,50,405,455
4724,18,68,429,497
4725,19,59,323,382
4726,20,45,264,309
4727,21,33,209,242
4728,22,25,144,169
4729,23,26,73,99
4730,0,13,29,42
4731,1,5,16,21
4732,2,2,4,6
4733,3,1,5,6
4734,4,0,4,4
4735,5,2,16,18
4736,6,6,111,117
4737,7,23,251,274
4738,8,23,358,381
4739,9,34,166,200
4740,10,31,47,78
4741,11,27,79,106
4742,12,29,106,135
4743,13,21,81,102
4744,14,50,97,147
4745,15,40,93,133
4746,16,43,167,210
4747,17,40,374,414
4748,18,39,343,382
4749,19,51,233,284
4750,20,38,199,237
4751,21,38,187,225
4752,22,36,113,149
4753,23,40,73,113
4754,0,9,51,60
4755,1,7,17,24
4756,2,0,14,14
4757,3,1,6,7
4758,4,8,5,13
4759,5,2,17,19
4760,6,13,83,96
4761,7,20,232,252
4762,8,30,292,322
4763,9,31,177,208
4764,10,32,83,115
4765,11,23,86,109
4766,12,20,95,115
4767,13,25,98,123
4768,14,24,77,101
4769,15,32,101,133
4770,16,29,153,182
4771,17,35,271,306
4772,18,34,250,284
4773,19,40,210,250
4774,20,46,166,212
4775,21,38,152,190
4776,22,44,105,149
4777,23,19,84,103
4778,0,16,85,101
4779,1,13,57,70
4780,2,13,48,61
4781,3,6,16,22
4782,4,5,4,9
4783,5,1,6,7
4784,6,6,19,25
4785,7,7,38,45
4786,8,24,85,109
4787,9,30,102,132
4788,10,61,137,198
4789,11,62,154,216
4790,12,71,164,235
4791,13,78,167,245
4792,14,84,152,236
4793,15,78,137,215
4794,16,70,151,221
4795,17,70,127,197
4796,18,62,134,196
4797,19,80,137,217
4798,20,47,98,145
4799,21,39,115,154
4800,22,37,88,125
4801,23,27,77,104
4802,0,42,77,119
4803,1,33,63,96
4804,2,12,48,60
4805,3,17,20,37
4806,4,1,5,6
4807,5,5,3,8
4808,6,9,13,22
4809,7,6,29,35
4810,8,22,82,104
4811,9,42,112,154
4812,10,61,165,226
4813,11,74,169,243
4814,12,85,161,246
4815,13,90,162,252
4816,14,79,204,283
4817,15,68,170,238
4818,16,62,187,249
4819,17,75,174,249
4820,18,67,176,243
4821,19,70,170,240
4822,20,52,143,195
4823,21,42,111,153
4824,22,23,75,98
4825,23,13,37,50
4826,0,17,17,34
4827,1,4,8,12
4828,2,3,3,6
4829,3,2,2,4
4830,4,0,6,6
4831,5,2,22,24
4832,6,7,100,107
4833,7,20,257,277
4834,8,34,353,387
4835,9,11,124,135
4836,10,30,54,84
4837,11,24,83,107
4838,12,17,50,67
4839,13,14,64,78
4840,14,28,62,90
4841,15,16,96,112
4842,16,37,161,198
4843,17,48,437,485
4844,18,60,473,533
4845,19,62,324,386
4846,20,55,247,302
4847,21,41,153,194
4848,22,13,112,125
4849,23,23,64,87
4850,0,8,20,28
4851,1,6,6,12
4852,2,1,6,7
4853,3,2,2,4
4854,4,0,6,6
4855,5,3,24,27
4856,6,2,108,110
4857,7,30,288,318
4858,8,32,392,424
4859,9,25,162,187
4860,10,42,96,138
4861,11,49,102,151
4862,12,25,122,147
4863,13,43,139,182
4864,14,46,101,147
4865,15,49,114,163
4866,16,41,213,254
4867,17,72,465,537
4868,18,68,478,546
4869,19,69,329,398
4870,20,47,243,290
4871,21,45,222,267
4872,22,27,131,158
4873,23,18,71,89
4874,0,19,26,45
4875,1,1,9,10
4876,2,1,5,6
4877,3,0,4,4
4878,4,1,3,4
4879,5,0,18,18
4880,6,4,119,123
4881,7,34,313,347
4882,8,28,405,433
4883,9,27,189,216
4884,10,32,82,114
4885,11,42,94,136
4886,12,37,132,169
4887,13,29,151,180
4888,14,20,107,127
4889,15,37,103,140
4890,16,40,228,268
4891,17,81,491,572
4892,18,78,463,541
4893,19,87,288,375
4894,20,55,239,294
4895,21,49,196,245
4896,22,37,143,180
4897,23,16,93,109
4898,0,14,31,45
4899,1,3,26,29
4900,2,2,5,7
4901,3,0,5,5
4902,4,0,6,6
4903,5,1,26,27
4904,6,6,110,116
4905,7,27,278,305
4906,8,47,409,456
4907,9,21,189,210
4908,10,30,86,116
4909,11,41,113,154
4910,12,35,151,186
4911,13,26,126,152
4912,14,27,111,138
4913,15,22,124,146
4914,16,42,214,256
4915,17,45,423,468
4916,18,55,428,483
4917,19,37,285,322
4918,20,41,229,270
4919,21,31,165,196
4920,22,25,149,174
4921,23,28,95,123
4922,0,12,45,57
4923,1,12,22,34
4924,2,3,10,13
4925,3,2,9,11
4926,4,2,4,6
4927,5,4,23,27
4928,6,7,83,90
4929,7,26,228,254
4930,8,30,354,384
4931,9,28,151,179
4932,10,37,69,106
4933,11,43,118,161
4934,12,40,95,135
4935,13,42,114,156
4936,14,34,114,148
4937,15,40,129,169
4938,16,35,198,233
4939,17,47,374,421
4940,18,49,313,362
4941,19,22,219,241
4942,20,53,153,206
4943,21,29,134,163
4944,22,47,127,174
4945,23,26,90,116
4946,0,60,73,133
4947,1,15,75,90
4948,2,11,31,42
4949,3,18,25,43
4950,4,4,6,10
4951,5,4,9,13
4952,6,6,18,24
4953,7,3,39,42
4954,8,27,87,114
4955,9,49,125,174
4956,10,79,182,261
4957,11,111,206,317
4958,12,111,230,341
4959,13,125,183,308
4960,14,112,193,305
4961,15,113,189,302
4962,16,126,176,302
4963,17,93,209,302
4964,18,92,207,299
4965,19,101,155,256
4966,20,74,132,206
4967,21,82,123,205
4968,22,80,129,209
4969,23,63,114,177
4970,0,33,80,113
4971,1,8,71,79
4972,2,19,48,67
4973,3,24,26,50
4974,4,6,7,13
4975,5,4,4,8
4976,6,5,8,13
4977,7,19,26,45
4978,8,54,88,142
4979,9,55,128,183
4980,10,91,163,254
4981,11,112,163,275
4982,12,146,192,338
4983,13,142,152,294
4984,14,130,196,326
4985,15,109,184,293
4986,16,98,208,306
4987,17,114,206,320
4988,18,91,213,304
4989,19,87,187,274
4990,20,70,205,275
4991,21,68,96,164
4992,22,25,71,96
4993,23,14,56,70
4994,0,7,22,29
4995,1,5,12,17
4996,2,4,7,11
4997,3,0,4,4
4998,4,2,2,4
4999,5,2,24,26
5000,6,3,97,100
5001,7,24,258,282
5002,8,35,347,382
5003,9,27,139,166
5004,10,27,70,97
5005,11,53,66,119
5006,12,53,115,168
5007,13,38,112,150
5008,14,37,86,123
5009,15,52,77,129
5010,16,34,197,231
5011,17,69,445,514
5012,18,68,475,543
5013,19,63,350,413
5014,20,49,256,305
5015,21,42,178,220
5016,22,21,116,137
5017,23,14,82,96
5018,0,11,18,29
5019,1,4,8,12
5020,2,2,6,8
5021,3,0,5,5
5022,4,0,10,10
5023,5,4,17,21
5024,6,12,105,117
5025,7,15,320,335
5026,8,37,398,435
5027,9,31,182,213
5028,10,50,90,140
5029,11,32,96,128
5030,12,45,112,157
5031,13,50,153,203
5032,14,45,114,159
5033,15,48,120,168
5034,16,58,216,274
5035,17,63,493,556
5036,18,65,491,556
5037,19,85,369,454
5038,20,40,248,288
5039,21,53,201,254
5040,22,22,169,191
5041,23,29,103,132
5042,0,11,32,43
5043,1,7,9,16
5044,2,2,9,11
5045,3,0,4,4
5046,4,0,7,7
5047,5,2,22,24
5048,6,9,101,110
5049,7,19,252,271
5050,8,29,408,437
5051,9,23,172,195
5052,10,9,59,68
5053,11,29,93,122
5054,12,19,142,161
5055,13,37,107,144
5056,14,43,104,147
5057,15,31,87,118
5058,16,21,129,150
5059,17,47,378,425
5060,18,49,443,492
5061,19,51,270,321
5062,20,7,80,87
5063,21,7,81,88
5064,22,11,66,77
5065,23,4,52,56
5066,0,2,15,17
5067,1,3,14,17
5068,2,2,5,7
5069,3,0,3,3
5070,4,0,7,7
5071,5,3,17,20
5072,6,7,90,97
5073,7,11,271,282
5074,8,29,369,398
5075,9,25,162,187
5076,10,24,89,113
5077,11,37,112,149
5078,12,53,152,205
5079,13,63,142,205
5080,14,53,114,167
5081,15,50,115,165
5082,16,70,220,290
5083,17,91,464,555
5084,18,88,435,523
5085,19,65,301,366
5086,20,41,245,286
5087,21,25,186,211
5088,22,33,141,174
5089,23,24,108,132
5090,0,13,41,54
5091,1,3,16,19
5092,2,5,14,19
5093,3,0,6,6
5094,4,1,6,7
5095,5,0,16,16
5096,6,7,94,101
5097,7,23,247,270
5098,8,39,415,454
5099,9,43,183,226
5100,10,50,113,163
5101,11,44,103,147
5102,12,57,159,216
5103,13,40,164,204
5104,14,81,164,245
5105,15,50,160,210
5106,16,76,254,330
5107,17,84,466,550
5108,18,105,361,466
5109,19,90,282,372
5110,20,70,221,291
5111,21,54,119,173
5112,22,51,137,188
5113,23,37,102,139
5114,0,29,104,133
5115,1,17,50,67
5116,2,14,39,53
5117,3,14,28,42
5118,4,5,5,10
5119,5,2,4,6
5120,6,5,22,27
5121,7,14,49,63
5122,8,27,94,121
5123,9,60,155,215
5124,10,91,199,290
5125,11,138,211,349
5126,12,130,252,382
5127,13,176,265,441
5128,14,176,204,380
5129,15,130,232,362
5130,16,155,188,343
5131,17,61,88,149
5132,18,81,130,211
5133,19,57,114,171
5134,20,58,79,137
5135,21,28,86,114
5136,22,24,96,120
5137,23,29,79,108
5138,0,14,66,80
5139,1,10,63,73
5140,2,18,48,66
5141,3,9,23,32
5142,4,1,5,6
5143,5,1,4,5
5144,6,3,10,13
5145,7,11,28,39
5146,8,23,66,89
5147,9,82,102,184
5148,10,88,178,266
5149,11,113,156,269
5150,12,161,209,370
5151,13,118,206,324
5152,14,130,192,322
5153,15,118,208,326
5154,16,74,119,193
5155,17,63,131,194
5156,18,74,155,229
5157,19,68,160,228
5158,20,50,133,183
5159,21,36,100,136
5160,22,21,82,103
5161,23,12,43,55
5162,0,13,17,30
5163,1,4,8,12
5164,2,4,3,7
5165,3,1,0,1
5166,4,2,8,10
5167,5,1,14,15
5168,6,8,87,95
5169,7,18,249,267
5170,8,29,320,349
5171,9,37,146,183
5172,10,62,62,124
5173,11,90,89,179
5174,12,48,134,182
5175,13,43,108,151
5176,14,41,109,150
5177,15,40,86,126
5178,16,64,218,282
5179,17,67,460,527
5180,18,64,465,529
5181,19,64,352,416
5182,20,71,215,286
5183,21,30,156,186
5184,22,26,121,147
5185,23,19,53,72
5186,0,10,25,35
5187,1,5,9,14
5188,2,9,3,12
5189,3,0,3,3
5190,4,1,6,7
5191,5,5,25,30
5192,6,6,95,101
5193,7,30,313,343
5194,8,40,352,392
5195,9,34,141,175
5196,10,55,89,144
5197,11,61,88,149
5198,12,60,125,185
5199,13,48,127,175
5200,14,53,95,148
5201,15,58,106,164
5202,16,57,228,285
5203,17,79,453,532
5204,18,97,488,585
5205,19,69,302,371
5206,20,34,258,292
5207,21,46,184,230
5208,22,28,127,155
5209,23,22,53,75
5210,0,19,18,37
5211,1,7,10,17
5212,2,1,10,11
5213,3,1,3,4
5214,4,1,4,5
5215,5,2,30,32
5216,6,9,110,119
5217,7,16,289,305
5218,8,38,361,399
5219,9,32,148,180
5220,10,41,72,113
5221,11,54,95,149
5222,12,74,166,240
5223,13,41,150,191
5224,14,62,116,178
5225,15,53,141,194
5226,16,76,206,282
5227,17,71,513,584
5228,18,70,489,559
5229,19,79,334,413
5230,20,59,253,312
5231,21,47,162,209
5232,22,17,122,139
5233,23,14,94,108
5234,0,6,40,46
5235,1,9,17,26
5236,2,3,8,11
5237,3,2,7,9
5238,4,1,4,5
5239,5,2,23,25
5240,6,5,101,106
5241,7,15,292,307
5242,8,29,361,390
5243,9,31,166,197
5244,10,36,96,132
5245,11,59,128,187
5246,12,50,164,214
5247,13,51,166,217
5248,14,39,103,142
5249,15,52,126,178
5250,16,57,241,298
5251,17,96,486,582
5252,18,74,497,571
5253,19,48,323,371
5254,20,56,232,288
5255,21,35,171,206
5256,22,34,123,157
5257,23,22,105,127
5258,0,12,53,65
5259,1,4,19,23
5260,2,0,15,15
5261,3,0,9,9
5262,4,0,5,5
5263,5,2,24,26
5264,6,3,73,76
5265,7,17,247,264
5266,8,29,397,426
5267,9,27,178,205
5268,10,44,86,130
5269,11,48,108,156
5270,12,55,167,222
5271,13,74,179,253
5272,14,51,135,186
5273,15,59,190,249
5274,16,68,266,334
5275,17,93,423,516
5276,18,89,376,465
5277,19,101,284,385
5278,20,77,210,287
5279,21,73,153,226
5280,22,74,157,231
5281,23,51,100,151
5282,0,15,69,84
5283,1,13,64,77
5284,2,16,58,74
5285,3,9,18,27
5286,4,5,5,10
5287,5,3,15,18
5288,6,3,19,22
5289,7,10,34,44
5290,8,28,90,118
5291,9,70,138,208
5292,10,97,163,260
5293,11,122,192,314
5294,12,175,246,421
5295,13,61,92,153
5296,14,113,146,259
5297,15,150,208,358
5298,16,148,133,281
5299,17,97,172,269
5300,18,123,169,292
5301,19,67,170,237
5302,20,78,105,183
5303,21,40,127,167
5304,22,36,118,154
5305,23,25,95,120
5306,0,19,71,90
5307,1,16,57,73
5308,2,13,49,62
5309,3,5,22,27
5310,4,1,2,3
5311,5,1,9,10
5312,6,2,4,6
5313,7,4,20,24
5314,8,20,21,41
5315,9,27,76,103
5316,10,67,116,183
5317,11,81,117,198
5318,12,98,183,281
5319,13,144,233,377
5320,14,126,244,370
5321,15,128,203,331
5322,16,116,176,292
5323,17,133,196,329
5324,18,125,222,347
5325,19,75,184,259
5326,20,67,126,193
5327,21,51,104,155
5328,22,14,25,39
5329,23,5,22,27
5330,0,7,18,25
5331,1,1,9,10
5332,2,0,3,3
5333,3,1,6,7
5334,4,1,4,5
5335,5,3,14,17
5336,6,3,87,90
5337,7,10,248,258
5338,8,29,326,355
5339,9,52,170,222
5340,10,54,87,141
5341,11,41,112,153
5342,12,62,116,178
5343,13,53,140,193
5344,14,56,95,151
5345,15,49,133,182
5346,16,58,225,283
5347,17,59,471,530
5348,18,70,413,483
5349,19,54,343,397
5350,20,45,240,285
5351,21,34,150,184
5352,22,22,76,98
5353,23,11,77,88
5354,0,8,23,31
5355,1,4,12,16
5356,2,1,3,4
5357,3,1,5,6
5358,4,0,5,5
5359,5,1,29,30
5360,6,4,115,119
5361,7,18,328,346
5362,8,24,417,441
5363,9,27,171,198
5364,10,28,83,111
5365,11,40,110,150
5366,12,42,120,162
5367,13,45,147,192
5368,14,65,117,182
5369,15,36,123,159
5370,16,55,248,303
5371,17,75,525,600
5372,18,54,516,570
5373,19,56,320,376
5374,20,48,232,280
5375,21,38,177,215
5376,22,31,121,152
5377,23,20,57,77
5378,0,8,16,24
5379,1,2,12,14
5380,2,0,6,6
5381,3,1,4,5
5382,4,0,5,5
5383,5,0,28,28
5384,6,4,101,105
5385,7,12,296,308
5386,8,35,452,487
5387,9,31,178,209
5388,10,27,91,118
5389,11,20,108,128
5390,12,26,163,189
5391,13,38,138,176
5392,14,54,138,192
5393,15,42,117,159
5394,16,62,238,300
5395,17,46,506,552
5396,18,86,470,556
5397,19,50,297,347
5398,20,37,243,280
5399,21,38,192,230
5400,22,29,142,171
5401,23,20,85,105
5402,0,18,38,56
5403,1,13,11,24
5404,2,2,4,6
5405,3,0,6,6
5406,4,0,9,9
5407,5,0,27,27
5408,6,6,97,103
5409,7,19,289,308
5410,8,27,393,420
5411,9,42,186,228
5412,10,37,92,129
5413,11,44,97,141
5414,12,34,139,173
5415,13,33,154,187
5416,14,67,115,182
5417,15,56,118,174
5418,16,49,196,245
5419,17,44,365,409
5420,18,48,226,274
5421,19,26,115,141
5422,20,24,141,165
5423,21,12,137,149
5424,22,18,117,135
5425,23,20,94,114
5426,0,9,53,62
5427,1,1,19,20
5428,2,0,8,8
5429,3,2,1,3
5430,4,1,7,8
5431,5,1,16,17
5432,6,2,91,93
5433,7,12,251,263
5434,8,30,368,398
5435,9,31,187,218
5436,10,57,108,165
5437,11,45,120,165
5438,12,54,168,222
5439,13,63,169,232
5440,14,78,142,220
5441,15,66,156,222
5442,16,66,261,327
5443,17,85,442,527
5444,18,88,337,425
5445,19,33,132,165
5446,20,12,46,58
5447,21,18,89,107
5448,22,25,97,122
5449,23,18,88,106
5450,0,21,107,128
5451,1,12,35,47
5452,2,10,59,69
5453,3,9,42,51
5454,4,1,6,7
5455,5,0,8,8
5456,6,6,18,24
5457,7,8,36,44
5458,8,27,106,133
5459,9,51,139,190
5460,10,114,192,306
5461,11,115,223,338
5462,12,156,253,409
5463,13,158,220,378
5464,14,147,228,375
5465,15,175,215,390
5466,16,151,222,373
5467,17,180,203,383
5468,18,169,225,394
5469,19,109,182,291
5470,20,78,170,248
5471,21,81,144,225
5472,22,77,146,223
5473,23,59,98,157
5474,0,6,68,74
5475,1,17,69,86
5476,2,13,51,64
5477,3,25,26,51
5478,4,1,5,6
5479,5,0,8,8
5480,6,4,10,14
5481,7,12,19,31
5482,8,30,62,92
5483,9,80,151,231
5484,10,97,177,274
5485,11,132,181,313
5486,12,135,239,374
5487,13,94,216,310
5488,14,78,157,235
5489,15,17,51,68
5490,16,97,161,258
5491,17,91,179,270
5492,18,96,215,311
5493,19,81,201,282
5494,20,41,140,181
5495,21,45,93,138
5496,22,37,97,134
5497,23,20,48,68
5498,0,18,22,40
5499,1,8,13,21
5500,2,2,6,8
5501,3,0,5,5
5502,4,2,10,12
5503,5,1,23,24
5504,6,6,106,112
5505,7,11,270,281
5506,8,20,331,351
5507,9,36,151,187
5508,10,36,85,121
5509,11,46,85,131
5510,12,54,153,207
5511,13,47,158,205
5512,14,88,137,225
5513,15,72,127,199
5514,16,66,254,320
5515,17,82,509,591
5516,18,72,537,609
5517,19,66,350,416
5518,20,21,247,268
5519,21,28,180,208
5520,22,32,121,153
5521,23,19,45,64
5522,0,13,22,35
5523,1,6,13,19
5524,2,2,4,6
5525,3,2,4,6
5526,4,0,5,5
5527,5,1,35,36
5528,6,3,111,114
5529,7,11,333,344
5530,8,43,461,504
5531,9,34,191,225
5532,10,56,92,148
5533,11,62,124,186
5534,12,60,177,237
5535,13,70,164,234
5536,14,149,502,651
5537,15,178,423,601
5538,16,133,311,444
5539,17,133,339,472
5540,18,98,421,519
5541,19,70,297,367
5542,20,54,206,260
5543,21,38,173,211
5544,22,46,145,191
5545,23,19,61,80
5546,0,9,29,38
5547,1,7,17,24
5548,2,2,4,6
5549,3,0,1,1
5550,4,0,7,7
5551,5,1,26,27
5552,6,3,105,108
5553,7,11,297,308
5554,8,32,436,468
5555,9,44,169,213
5556,10,51,95,146
5557,11,57,128,185
5558,12,60,175,235
5559,13,56,180,236
5560,14,77,127,204
5561,15,63,141,204
5562,16,49,222,271
5563,17,83,484,567
5564,18,102,519,621
5565,19,93,347,440
5566,20,45,289,334
5567,21,47,189,236
5568,22,41,140,181
5569,23,16,54,70
5570,0,11,41,52
5571,1,4,11,15
5572,2,3,2,5
5573,3,2,2,4
5574,4,1,6,7
5575,5,1,25,26
5576,6,1,101,102
5577,7,17,296,313
5578,8,23,461,484
5579,9,21,141,162
5580,10,37,105,142
5581,11,39,112,151
5582,12,9,32,41
5583,13,7,30,37
5584,14,27,86,113
5585,15,28,104,132
5586,16,16,105,121
5587,17,28,284,312
5588,18,31,377,408
5589,19,31,241,272
5590,20,33,192,225
5591,21,29,158,187
5592,22,21,126,147
5593,23,15,69,84
5594,0,9,42,51
5595,1,10,13,23
5596,2,4,16,20
5597,3,3,8,11
5598,4,2,6,8
5599,5,3,23,26
5600,6,5,100,105
5601,7,3,263,266
5602,8,17,387,404
5603,9,39,191,230
5604,10,34,89,123
5605,11,63,151,214
5606,12,70,173,243
5607,13,72,165,237
5608,14,55,164,219
5609,15,53,196,249
5610,16,50,293,343
5611,17,56,433,489
5612,18,40,370,410
5613,19,55,235,290
5614,20,39,183,222
5615,21,38,152,190
5616,22,26,126,152
5617,23,22,114,136
5618,0,33,112,145
5619,1,13,51,64
5620,2,18,59,77
5621,3,8,22,30
5622,4,1,3,4
5623,5,1,11,12
5624,6,3,15,18
5625,7,2,26,28
5626,8,14,62,76
5627,9,28,128,156
5628,10,51,154,205
5629,11,15,73,88
5630,12,11,65,76
5631,13,10,33,43
5632,14,4,19,23
5633,15,2,28,30
5634,16,10,14,24
5635,17,2,14,16
5636,7,0,1,1
5637,8,2,6,8
5638,9,7,46,53
5639,10,27,115,142
5640,11,59,178,237
5641,12,88,218,306
5642,13,129,302,431
5643,14,157,290,447
5644,15,155,314,469
5645,16,196,295,491
5646,17,145,253,398
5647,18,145,257,402
5648,19,140,247,387
5649,20,64,150,214
5650,21,60,126,186
5651,22,25,73,98
5652,23,16,48,64
5653,0,13,21,34
5654,1,5,15,20
5655,2,8,5,13
5656,3,1,5,6
5657,4,0,3,3
5658,5,0,17,17
5659,6,3,99,102
5660,7,11,273,284
5661,8,20,384,404
5662,9,22,166,188
5663,10,42,73,115
5664,11,38,100,138
5665,12,48,159,207
5666,13,48,170,218
5667,14,55,127,182
5668,15,56,164,220
5669,16,56,226,282
5670,17,67,524,591
5671,18,60,487,547
5672,19,50,317,367
5673,20,50,227,277
5674,21,34,168,202
5675,22,23,119,142
5676,23,19,56,75
5677,0,10,17,27
5678,1,6,7,13
5679,2,2,8,10
5680,3,2,2,4
5681,4,0,6,6
5682,5,1,27,28
5683,6,4,115,119
5684,7,19,338,357
5685,8,34,459,493
5686,9,38,180,218
5687,10,28,109,137
5688,11,60,115,175
5689,12,65,172,237
5690,13,59,170,229
5691,14,58,151,209
5692,15,34,162,196
5693,16,42,295,337
5694,17,62,549,611
5695,18,60,516,576
5696,19,68,397,465
5697,20,39,259,298
5698,21,43,180,223
5699,22,22,121,143
5700,23,19,74,93
5701,0,8,24,32
5702,1,2,13,15
5703,2,1,5,6
5704,3,2,4,6
5705,4,0,5,5
5706,5,2,25,27
5707,6,4,107,111
5708,7,12,316,328
5709,8,27,440,467
5710,9,27,217,244
5711,10,33,105,138
5712,11,28,143,171
5713,12,68,192,260
5714,13,39,182,221
5715,14,48,148,196
5716,15,34,138,172
5717,16,46,263,309
5718,17,83,525,608
5719,18,70,495,565
5720,19,53,393,446
5721,20,30,259,289
5722,21,27,174,201
5723,22,20,137,157
5724,23,24,60,84
5725,0,18,33,51
5726,1,7,14,21
5727,2,14,11,25
5728,3,7,7,14
5729,4,0,7,7
5730,5,1,22,23
5731,6,2,103,105
5732,7,7,335,342
5733,8,31,467,498
5734,9,29,178,207
5735,10,46,92,138
5736,11,51,141,192
5737,12,64,165,229
5738,13,50,169,219
5739,14,54,144,198
5740,15,39,135,174
5741,16,55,253,308
5742,17,61,567,628
5743,18,69,462,531
5744,19,79,364,443
5745,20,33,247,280
5746,21,17,160,177
5747,22,34,145,179
5748,23,15,111,126
5749,0,6,58,64
5750,1,4,28,32
5751,2,9,11,20
5752,3,4,4,8
5753,4,2,2,4
5754,5,0,20,20
5755,6,3,73,76
5756,7,6,253,259
5757,8,22,434,456
5758,9,30,190,220
5759,10,34,106,140
5760,11,51,141,192
5761,12,82,178,260
5762,13,72,207,279
5763,14,75,208,283
5764,15,69,277,346
5765,16,82,299,381
5766,17,78,377,455
5767,18,50,305,355
5768,19,67,220,287
5769,20,38,158,196
5770,21,28,121,149
5771,22,33,114,147
5772,23,30,68,98
5773,0,22,65,87
5774,1,17,57,74
5775,2,15,26,41
5776,3,17,18,35
5777,4,3,4,7
5778,5,3,9,12
5779,6,4,19,23
5780,7,5,33,38
5781,8,24,65,89
5782,9,83,118,201
5783,10,90,168,258
5784,11,66,128,194
5785,12,97,160,257
5786,13,153,200,353
5787,14,204,176,380
5788,15,187,201,388
5789,16,186,188,374
5790,17,170,201,371
5791,18,160,179,339
5792,19,147,148,295
5793,20,99,120,219
5794,21,71,93,164
5795,22,66,96,162
5796,23,46,77,123
5797,0,33,76,109
5798,1,37,38,75
5799,2,17,43,60
5800,3,20,23,43
5801,4,0,4,4
5802,5,1,5,6
5803,6,0,3,3
5804,7,10,20,30
5805,8,21,49,70
5806,9,87,102,189
5807,10,150,147,297
5808,11,174,163,337
5809,12,214,221,435
5810,13,245,174,419
5811,14,205,156,361
5812,15,218,192,410
5813,16,196,141,337
5814,17,204,172,376
5815,18,187,169,356
5816,19,178,150,328
5817,20,104,125,229
5818,21,104,103,207
5819,22,70,85,155
5820,23,46,58,104
5821,0,31,66,97
5822,1,19,35,54
5823,2,17,22,39
5824,3,4,12,16
5825,4,3,5,8
5826,5,2,4,6
5827,6,6,5,11
5828,7,11,30,41
5829,8,45,56,101
5830,9,63,89,152
5831,10,107,137,244
5832,11,101,207,308
5833,12,141,212,353
5834,13,154,235,389
5835,14,145,212,357
5836,15,111,142,253
5837,16,92,192,284
5838,17,37,77,114
5839,18,31,92,123
5840,19,52,123,175
5841,20,26,56,82
5842,21,20,40,60
5843,22,15,49,64
5844,23,3,17,20
5845,0,1,7,8
5846,2,0,2,2
5847,3,1,0,1
5848,4,1,3,4
5849,5,1,20,21
5850,6,0,72,72
5851,7,6,166,172
5852,8,15,349,364
5853,9,18,167,185
5854,10,16,90,106
5855,11,11,78,89
5856,12,16,51,67
5857,13,5,24,29
5858,14,3,21,24
5859,15,18,71,89
5860,16,11,95,106
5861,17,15,276,291
5862,18,22,351,373
5863,19,12,269,281
5864,20,13,150,163
5865,21,12,109,121
5866,22,5,79,84
5867,23,2,56,58
5868,0,1,12,13
5869,1,2,3,5
5870,2,2,4,6
5871,3,1,1,2
5872,4,0,4,4
5873,5,1,15,16
5874,6,1,74,75
5875,7,3,83,86
5876,8,9,319,328
5877,9,14,176,190
5878,10,3,63,66
5879,11,1,9,10
5880,12,1,21,22
5881,13,2,9,11
5882,14,1,24,25
5883,15,3,55,58
5884,16,7,137,144
5885,17,21,264,285
5886,18,18,219,237
5887,19,14,212,226
5888,20,3,93,96
5889,21,4,34,38
5890,22,3,26,29
5891,23,3,21,24
5892,0,3,11,14
5893,1,0,4,4
5894,3,0,2,2
5895,4,0,3,3
5896,5,1,13,14
5897,6,1,55,56
5898,7,7,172,179
5899,8,7,188,195
5900,9,4,65,69
5901,10,8,57,65
5902,11,16,82,98
5903,12,17,85,102
5904,13,14,112,126
5905,14,15,105,120
5906,15,24,115,139
5907,16,5,151,156
5908,17,11,102,113
5909,18,2,66,68
5910,19,1,51,52
5911,20,6,83,89
5912,21,6,76,82
5913,22,5,65,70
5914,23,0,26,26
5915,0,1,15,16
5916,1,0,8,8
5917,2,1,7,8
5918,3,1,1,2
5919,4,0,3,3
5920,5,0,14,14
5921,6,3,54,57
5922,7,4,104,108
5923,8,12,276,288
5924,9,5,131,136
5925,10,2,27,29
5926,11,6,66,72
5927,12,4,71,75
5928,13,14,108,122
5929,14,29,119,148
5930,15,27,161,188
5931,16,41,244,285
5932,17,54,451,505
5933,18,33,377,410
5934,19,33,316,349
5935,20,30,180,210
5936,21,49,154,203
5937,22,33,127,160
5938,23,35,113,148
5939,0,32,84,116
5940,1,16,67,83
5941,2,18,46,64
5942,3,8,29,37
5943,4,3,4,7
5944,5,2,6,8
5945,6,0,6,6
5946,7,9,43,52
5947,8,16,103,119
5948,9,39,168,207
5949,10,85,233,318
5950,11,108,252,360
5951,12,144,260,404
5952,13,131,239,370
5953,14,129,230,359
5954,15,217,263,480
5955,16,170,261,431
5956,17,185,275,460
5957,18,119,241,360
5958,19,101,214,315
5959,20,78,167,245
5960,21,59,171,230
5961,22,49,126,175
5962,23,32,107,139
5963,0,29,79,108
5964,1,22,66,88
5965,2,16,60,76
5966,3,15,30,45
5967,4,3,6,9
5968,5,15,24,39
5969,6,4,16,20
5970,7,9,28,37
5971,8,25,69,94
5972,9,59,168,227
5973,10,120,214,334
5974,11,144,258,402
5975,12,113,298,411
5976,13,119,231,350
5977,14,120,222,342
5978,15,134,270,404
5979,16,180,303,483
5980,17,152,228,380
5981,18,110,229,339
5982,19,101,232,333
5983,20,65,161,226
5984,21,45,114,159
5985,22,21,74,95
5986,23,12,33,45
5987,0,5,11,16
5988,1,1,11,12
5989,2,2,0,2
5990,4,0,4,4
5991,5,1,23,24
5992,6,1,108,109
5993,7,12,300,312
5994,8,26,382,408
5995,9,21,155,176
5996,10,40,89,129
5997,11,34,131,165
5998,12,37,147,184
5999,13,43,120,163
6000,14,60,129,189
6001,15,60,152,212
6002,16,60,238,298
6003,17,75,515,590
6004,18,56,515,571
6005,19,63,373,436
6006,20,41,258,299
6007,21,29,166,195
6008,22,16,134,150
6009,23,7,62,69
6010,0,7,19,26
6011,1,4,6,10
6012,2,2,0,2
6013,3,2,2,4
6014,4,2,6,8
6015,5,1,19,20
6016,6,6,116,122
6017,7,14,348,362
6018,8,26,399,425
6019,9,35,179,214
6020,10,42,93,135
6021,11,33,120,153
6022,12,43,144,187
6023,13,48,136,184
6024,14,51,139,190
6025,15,35,145,180
6026,16,41,251,292
6027,17,72,507,579
6028,18,67,472,539
6029,19,55,341,396
6030,20,31,241,272
6031,21,45,200,245
6032,22,24,120,144
6033,23,15,59,74
6034,0,5,28,33
6035,1,1,7,8
6036,2,1,4,5
6037,3,1,7,8
6038,4,1,8,9
6039,5,1,30,31
6040,6,7,138,145
6041,7,20,350,370
6042,8,33,396,429
6043,9,19,183,202
6044,10,27,115,142
6045,11,43,121,164
6046,12,56,156,212
6047,13,39,139,178
6048,14,19,105,124
6049,15,30,146,176
6050,16,36,241,277
6051,17,87,512,599
6052,18,83,503,586
6053,19,44,337,381
6054,20,40,221,261
6055,21,24,189,213
6056,22,20,140,160
6057,23,10,62,72
6058,0,3,34,37
6059,1,0,20,20
6060,2,0,5,5
6061,3,3,5,8
6062,4,2,5,7
6063,5,1,30,31
6064,6,5,119,124
6065,7,17,321,338
6066,8,27,364,391
6067,9,23,186,209
6068,10,25,96,121
6069,11,39,120,159
6070,12,31,148,179
6071,13,38,151,189
6072,14,36,134,170
6073,15,25,110,135
6074,16,29,193,222
6075,17,31,230,261
6076,18,22,222,244
6077,19,20,212,232
6078,20,25,223,248
6079,21,11,134,145
6080,22,7,108,115
6081,23,8,61,69
6082,0,5,43,48
6083,1,7,19,26
6084,2,3,7,10
6085,3,2,4,6
6086,4,1,3,4
6087,5,2,30,32
6088,6,6,87,93
6089,7,16,283,299
6090,8,23,386,409
6091,9,21,189,210
6092,10,36,104,140
6093,11,40,139,179
6094,12,39,212,251
6095,13,55,168,223
6096,14,49,176,225
6097,15,38,165,203
6098,16,67,291,358
6099,17,86,480,566
6100,18,55,427,482
6101,19,59,256,315
6102,20,41,184,225
6103,21,39,124,163
6104,22,32,135,167
6105,23,20,106,126
6106,0,28,80,108
6107,1,28,52,80
6108,2,18,61,79
6109,3,7,21,28
6110,4,1,4,5
6111,5,2,3,5
6112,6,5,17,22
6113,7,4,33,37
6114,8,27,81,108
6115,9,32,145,177
6116,10,72,177,249
6117,11,119,248,367
6118,12,115,257,372
6119,13,124,225,349
6120,14,123,174,297
6121,15,148,206,354
6122,16,116,189,305
6123,17,141,218,359
6124,18,95,234,329
6125,19,70,186,256
6126,20,43,133,176
6127,21,49,121,170
6128,22,31,112,143
6129,23,36,100,136
6130,0,24,88,112
6131,1,13,66,79
6132,2,21,68,89
6133,3,11,25,36
6134,4,1,0,1
6135,5,1,5,6
6136,6,2,10,12
6137,7,15,29,44
6138,8,16,53,69
6139,9,46,94,140
6140,10,82,178,260
6141,11,116,201,317
6142,12,135,229,364
6143,13,162,214,376
6144,14,127,184,311
6145,15,132,233,365
6146,16,134,235,369
6147,17,95,230,325
6148,18,66,223,289
6149,19,54,191,245
6150,20,44,136,180
6151,21,37,110,147
6152,22,9,75,84
6153,23,10,44,54
6154,0,14,23,37
6155,1,3,7,10
6156,2,6,7,13
6157,3,1,4,5
6158,4,2,6,8
6159,5,2,26,28
6160,6,6,107,113
6161,7,20,312,332
6162,8,29,391,420
6163,9,32,183,215
6164,10,21,84,105
6165,11,41,98,139
6166,12,51,138,189
6167,13,53,124,177
6168,14,45,143,188
6169,15,44,143,187
6170,16,55,208,263
6171,17,85,483,568
6172,18,56,484,540
6173,19,41,333,374
6174,20,27,204,231
6175,21,19,181,200
6176,22,25,104,129
6177,23,13,55,68
6178,0,4,21,25
6179,1,3,11,14
6180,2,1,4,5
6181,3,0,3,3
6182,4,2,4,6
6183,5,1,21,22
6184,6,3,111,114
6185,7,23,306,329
6186,8,13,196,209
6187,9,5,64,69
6188,10,4,26,30
6189,11,8,48,56
6190,12,13,47,60
6191,13,22,81,103
6192,14,27,85,112
6193,15,34,158,192
6194,16,23,241,264
6195,17,66,445,511
6196,18,39,453,492
6197,19,43,294,337
6198,20,41,212,253
6199,21,29,177,206
6200,22,23,125,148
6201,23,11,70,81
6202,0,7,20,27
6203,1,0,17,17
6204,2,1,5,6
6205,3,0,6,6
6206,4,2,5,7
6207,5,1,30,31
6208,6,5,112,117
6209,7,18,312,330
6210,8,18,444,462
6211,9,21,187,208
6212,10,30,103,133
6213,11,42,138,180
6214,12,42,151,193
6215,13,37,144,181
6216,14,40,139,179
6217,15,43,142,185
6218,16,51,230,281
6219,17,61,475,536
6220,18,24,384,408
6221,19,30,253,283
6222,20,11,149,160
6223,21,25,175,200
6224,22,15,112,127
6225,23,15,80,95
6226,0,11,30,41
6227,1,5,6,11
6228,2,2,8,10
6229,3,5,7,12
6230,4,0,2,2
6231,5,2,28,30
6232,6,7,94,101
6233,7,16,295,311
6234,8,26,389,415
6235,9,35,168,203
6236,10,19,101,120
6237,11,23,142,165
6238,12,25,151,176
6239,13,38,155,193
6240,14,41,142,183
6241,15,32,149,181
6242,16,39,262,301
6243,17,50,513,563
6244,18,50,501,551
6245,19,32,388,420
6246,20,35,250,285
6247,21,27,194,221
6248,22,21,166,187
6249,23,14,99,113
6250,0,11,41,52
6251,1,2,29,31
6252,2,6,14,20
6253,3,3,5,8
6254,4,6,7,13
6255,5,2,20,22
6256,6,5,99,104
6257,7,14,240,254
6258,8,20,297,317
6259,9,3,108,111
6260,10,7,28,35
6261,11,1,20,21
6262,12,1,28,29
6263,13,7,27,34
6264,14,3,21,24
6265,15,9,52,61
6266,16,5,51,56
6267,17,13,86,99
6268,18,14,220,234
6269,19,16,232,248
6270,20,21,158,179
6271,21,17,121,138
6272,22,31,126,157
6273,23,41,107,148
6274,0,7,86,93
6275,1,18,61,79
6276,2,14,54,68
6277,3,4,27,31
6278,4,1,7,8
6279,5,2,3,5
6280,6,6,12,18
6281,7,12,34,46
6282,8,19,102,121
6283,9,41,134,175
6284,10,90,203,293
6285,11,118,268,386
6286,12,141,266,407
6287,13,170,290,460
6288,14,164,226,390
6289,15,168,284,452
6290,16,167,282,449
6291,17,180,246,426
6292,18,157,243,400
6293,19,77,231,308
6294,20,77,166,243
6295,21,66,156,222
6296,22,50,143,193
6297,23,27,123,150
6298,0,37,136,173
6299,1,31,93,124
6300,2,27,79,106
6301,3,20,39,59
6302,4,3,5,8
6303,5,1,2,3
6304,6,4,13,17
6305,7,15,23,38
6306,8,27,59,86
6307,9,55,100,155
6308,10,85,190,275
6309,11,131,230,361
6310,12,143,270,413
6311,13,122,247,369
6312,14,116,231,347
6313,15,119,234,353
6314,16,144,320,464
6315,17,145,275,420
6316,18,125,279,404
6317,19,87,242,329
6318,20,51,135,186
6319,21,24,113,137
6320,22,20,84,104
6321,23,12,67,79
6322,0,6,23,29
6323,1,3,14,17
6324,2,4,4,8
6325,3,0,5,5
6326,4,2,4,6
6327,5,0,25,25
6328,6,6,107,113
6329,7,17,315,332
6330,8,29,326,355
6331,9,44,161,205
6332,10,37,117,154
6333,11,43,116,159
6334,12,48,161,209
6335,13,48,139,187
6336,14,44,110,154
6337,15,52,157,209
6338,16,74,239,313
6339,17,61,509,570
6340,18,63,490,553
6341,19,36,347,383
6342,20,24,227,251
6343,21,18,164,182
6344,22,14,122,136
6345,23,11,64,75
6346,0,9,28,37
6347,1,4,6,10
6348,2,7,4,11
6349,3,5,5,10
6350,4,5,3,8
6351,5,0,24,24
6352,6,8,116,124
6353,7,15,234,249
6354,8,27,400,427
6355,9,20,173,193
6356,10,21,101,122
6357,11,26,97,123
6358,12,33,129,162
6359,13,29,122,151
6360,14,29,123,152
6361,15,35,170,205
6362,16,33,225,258
6363,17,50,480,530
6364,18,31,325,356
6365,19,26,294,320
6366,20,17,221,238
6367,21,17,179,196
6368,22,19,102,121
6369,23,11,82,93
6370,0,7,29,36
6371,1,1,13,14
6372,2,0,9,9
6373,3,0,3,3
6374,4,1,3,4
6375,5,2,20,22
6376,6,3,111,114
6377,7,8,177,185
6378,8,17,270,287
6379,9,14,141,155
6380,10,20,109,129
6381,11,24,127,151
6382,12,25,159,184
6383,13,24,138,162
6384,14,25,145,170
6385,15,35,146,181
6386,16,39,241,280
6387,17,64,527,591
6388,18,65,459,524
6389,19,57,315,372
6390,20,11,91,102
6391,21,7,67,74
6392,22,19,68,87
6393,23,12,59,71
6394,0,7,33,40
6395,1,3,20,23
6396,2,0,2,2
6397,3,0,8,8
6398,4,2,5,7
6399,5,0,22,22
6400,6,5,106,111
6401,7,14,269,283
6402,8,29,402,431
6403,9,27,198,225
6404,10,24,103,127
6405,11,36,122,158
6406,12,38,157,195
6407,13,36,175,211
6408,14,33,134,167
6409,15,42,185,227
6410,16,64,227,291
6411,17,62,527,589
6412,18,84,500,584
6413,19,36,348,384
6414,20,39,234,273
6415,21,30,195,225
6416,22,25,150,175
6417,23,17,64,81
6418,0,7,53,60
6419,1,5,18,23
6420,2,6,9,15
6421,3,0,3,3
6422,4,2,6,8
6423,5,3,23,26
6424,6,0,98,98
6425,7,14,283,297
6426,8,31,425,456
6427,9,23,214,237
6428,10,46,122,168
6429,11,49,168,217
6430,12,59,195,254
6431,13,72,194,266
6432,14,93,173,266
6433,15,52,193,245
6434,16,62,298,360
6435,17,94,497,591
6436,18,62,449,511
6437,19,42,332,374
6438,20,28,202,230
6439,21,27,179,206
6440,22,30,129,159
6441,23,23,109,132
6442,0,24,106,130
6443,1,11,47,58
6444,2,21,46,67
6445,3,8,17,25
6446,4,2,6,8
6447,5,1,4,5
6448,6,4,15,19
6449,7,6,30,36
6450,8,9,58,67
6451,9,17,112,129
6452,10,21,100,121
6453,11,30,102,132
6454,12,28,130,158
6455,13,27,98,125
6456,14,33,147,180
6457,15,41,154,195
6458,16,58,165,223
6459,17,58,170,228
6460,18,23,117,140
6461,19,27,99,126
6462,20,8,58,66
6463,21,3,53,56
6464,22,12,58,70
6465,23,8,57,65
6466,0,4,43,47
6467,1,1,23,24
6468,2,3,27,30
6469,3,4,5,9
6470,4,4,3,7
6471,5,0,7,7
6472,6,2,13,15
6473,7,5,24,29
6474,8,14,50,64
6475,9,19,96,115
6476,10,60,188,248
6477,11,74,218,292
6478,12,78,243,321
6479,13,84,224,308
6480,14,61,195,256
6481,15,29,144,173
6482,16,44,162,206
6483,17,32,135,167
6484,18,16,158,174
6485,19,34,128,162
6486,20,16,71,87
6487,21,17,71,88
6488,22,9,55,64
6489,23,6,19,25
6490,0,3,13,16
6491,1,1,5,6
6492,2,0,4,4
6493,3,1,6,7
6494,4,2,6,8
6495,5,4,17,21
6496,6,3,91,94
6497,7,8,241,249
6498,8,13,359,372
6499,9,12,141,153
6500,10,19,82,101
6501,11,26,100,126
6502,12,29,118,147
6503,13,16,102,118
6504,14,26,94,120
6505,15,22,79,101
6506,16,16,202,218
6507,17,40,455,495
6508,18,28,384,412
6509,19,15,300,315
6510,20,13,191,204
6511,21,10,128,138
6512,22,12,79,91
6513,23,11,43,54
6514,0,5,22,27
6515,1,1,8,9
6516,2,1,2,3
6517,3,3,3,6
6518,4,3,4,7
6519,5,2,25,27
6520,6,3,109,112
6521,7,11,298,309
6522,8,28,372,400
6523,9,19,168,187
6524,10,19,107,126
6525,11,22,102,124
6526,12,39,160,199
6527,13,20,153,173
6528,14,27,156,183
6529,15,28,166,194
6530,16,36,273,309
6531,17,55,530,585
6532,18,68,456,524
6533,19,35,310,345
6534,20,25,236,261
6535,21,22,144,166
6536,22,8,106,114
6537,23,6,60,66
6538,0,7,36,43
6539,1,4,7,11
6540,2,1,2,3
6541,3,1,5,6
6542,4,1,4,5
6543,5,3,29,32
6544,6,5,112,117
6545,7,9,292,301
6546,8,26,441,467
6547,9,32,187,219
6548,10,30,103,133
6549,11,32,138,170
6550,12,34,180,214
6551,13,30,189,219
6552,14,34,156,190
6553,15,35,147,182
6554,16,37,245,282
6555,17,66,525,591
6556,18,57,536,593
6557,19,40,334,374
6558,20,18,228,246
6559,21,28,173,201
6560,22,20,134,154
6561,23,9,64,73
6562,0,6,34,40
6563,1,5,17,22
6564,2,2,8,10
6565,3,1,4,5
6566,4,0,5,5
6567,5,0,24,24
6568,6,4,110,114
6569,7,15,287,302
6570,8,20,437,457
6571,9,20,188,208
6572,10,24,105,129
6573,11,29,115,144
6574,12,46,180,226
6575,13,33,158,191
6576,14,56,139,195
6577,15,62,157,219
6578,16,51,272,323
6579,17,63,505,568
6580,18,59,479,538
6581,19,38,305,343
6582,20,29,231,260
6583,21,34,161,195
6584,22,24,124,148
6585,23,18,81,99
6586,0,19,48,67
6587,1,3,25,28
6588,2,0,5,5
6589,3,1,9,10
6590,4,0,5,5
6591,5,3,24,27
6592,6,3,84,87
6593,7,5,237,242
6594,8,31,386,417
6595,9,34,207,241
6596,10,48,126,174
6597,11,80,150,230
6598,12,61,174,235
6599,13,95,210,305
6600,14,77,179,256
6601,15,68,202,270
6602,16,73,346,419
6603,17,101,462,563
6604,18,94,371,465
6605,19,51,243,294
6606,20,30,167,197
6607,21,22,144,166
6608,22,27,119,146
6609,23,23,113,136
6610,0,17,72,89
6611,1,14,51,65
6612,2,4,41,45
6613,3,4,16,20
6614,4,3,7,10
6615,5,1,7,8
6616,6,6,16,22
6617,7,27,46,73
6618,8,14,89,103
6619,9,54,163,217
6620,10,120,217,337
6621,11,176,221,397
6622,12,191,255,446
6623,13,256,229,485
6624,14,251,214,465
6625,15,262,234,496
6626,16,221,230,451
6627,17,174,219,393
6628,18,135,224,359
6629,19,76,172,248
6630,20,78,124,202
6631,21,54,133,187
6632,22,45,104,149
6633,23,52,90,142
6634,0,46,83,129
6635,1,15,63,78
6636,2,20,35,55
6637,3,10,20,30
6638,4,7,7,14
6639,5,1,14,15
6640,6,7,14,21
6641,7,18,26,44
6642,8,25,82,107
6643,9,66,119,185
6644,10,155,210,365
6645,11,189,234,423
6646,12,212,243,455
6647,13,225,193,418
6648,14,272,228,500
6649,15,198,209,407
6650,16,223,247,470
6651,17,208,230,438
6652,18,186,228,414
6653,19,116,186,302
6654,20,59,134,193
6655,21,53,120,173
6656,22,48,104,152
6657,23,38,85,123
6658,0,11,42,53
6659,1,4,30,34
6660,2,4,15,19
6661,3,2,9,11
6662,4,2,4,6
6663,5,2,19,21
6664,6,5,39,44
6665,7,12,102,114
6666,8,27,227,254
6667,9,58,161,219
6668,10,107,158,265
6669,11,139,183,322
6670,12,164,201,365
6671,13,146,219,365
6672,14,147,223,370
6673,15,130,254,384
6674,16,154,248,402
6675,17,125,334,459
6676,18,108,365,473
6677,19,69,267,336
6678,20,37,188,225
6679,21,27,148,175
6680,22,22,104,126
6681,23,12,63,75
6682,0,14,16,30
6683,1,2,9,11
6684,2,1,4,5
6685,3,2,1,3
6686,4,0,5,5
6687,5,0,20,20
6688,6,9,114,123
6689,7,19,333,352
6690,8,31,375,406
6691,9,40,195,235
6692,10,38,111,149
6693,11,31,92,123
6694,12,51,130,181
6695,13,42,138,180
6696,14,54,117,171
6697,15,36,139,175
6698,16,63,257,320
6699,17,70,534,604
6700,18,46,493,539
6701,19,33,285,318
6702,20,31,203,234
6703,21,17,158,175
6704,22,27,120,147
6705,23,10,47,57
6706,0,2,23,25
6707,1,2,8,10
6708,2,0,2,2
6709,3,0,2,2
6710,4,1,6,7
6711,5,0,22,22
6712,6,5,107,112
6713,7,15,244,259
6714,8,27,377,404
6715,9,14,183,197
6716,10,15,98,113
6717,11,18,102,120
6718,12,9,53,62
6719,13,25,76,101
6720,14,8,70,78
6721,15,3,42,45
6722,16,5,50,55
6723,17,16,235,251
6724,18,11,161,172
6725,19,7,102,109
6726,20,9,81,90
6727,21,9,74,83
6728,22,3,40,43
6729,23,13,41,54
6730,0,1,14,15
6731,1,3,9,12
6732,2,0,4,4
6733,3,2,4,6
6734,4,2,5,7
6735,5,1,16,17
6736,6,1,51,52
6737,7,5,76,81
6738,8,10,199,209
6739,9,3,106,109
6740,10,16,53,69
6741,11,8,76,84
6742,12,10,95,105
6743,13,20,142,162
6744,14,22,111,133
6745,15,27,128,155
6746,16,36,240,276
6747,17,47,432,479
6748,18,20,248,268
6749,19,18,187,205
6750,20,15,166,181
6751,21,8,115,123
6752,22,13,101,114
6753,23,2,45,47
6754,0,10,29,39
6755,1,8,16,24
6756,2,0,6,6
6757,3,1,6,7
6758,4,0,8,8
6759,5,0,17,17
6760,6,4,90,94
6761,7,10,137,147
6762,8,23,186,209
6763,9,16,164,180
6764,10,17,108,125
6765,11,11,76,87
6766,12,13,62,75
6767,13,18,114,132
6768,14,37,119,156
6769,15,61,169,230
6770,16,80,264,344
6771,17,55,426,481
6772,18,62,361,423
6773,19,27,221,248
6774,20,19,177,196
6775,21,22,156,178
6776,22,20,123,143
6777,23,15,80,95
6778,0,18,88,106
6779,1,9,64,73
6780,2,17,39,56
6781,3,5,18,23
6782,4,0,6,6
6783,5,1,6,7
6784,6,5,15,20
6785,7,17,40,57
6786,8,24,101,125
6787,9,50,157,207
6788,10,115,207,322
6789,11,153,221,374
6790,12,195,261,456
6791,13,171,223,394
6792,14,242,230,472
6793,15,166,211,377
6794,16,179,264,443
6795,17,177,264,441
6796,18,121,251,372
6797,19,61,177,238
6798,20,42,137,179
6799,21,53,115,168
6800,22,45,121,166
6801,23,33,102,135
6802,0,22,85,107
6803,1,13,64,77
6804,2,13,52,65
6805,3,11,31,42
6806,4,5,7,12
6807,5,1,6,7
6808,6,3,7,10
6809,7,9,39,48
6810,8,28,71,99
6811,9,39,151,190
6812,10,121,226,347
6813,11,159,218,377
6814,12,167,277,444
6815,13,169,269,438
6816,14,204,258,462
6817,15,182,230,412
6818,16,177,289,466
6819,17,152,253,405
6820,18,102,226,328
6821,19,52,181,233
6822,20,49,129,178
6823,21,14,88,102
6824,22,42,88,130
6825,23,14,48,62
6826,0,12,25,37
6827,1,2,15,17
6828,2,4,3,7
6829,3,0,2,2
6830,4,2,3,5
6831,5,1,28,29
6832,6,7,107,114
6833,7,10,299,309
6834,8,33,381,414
6835,9,26,180,206
6836,10,43,92,135
6837,11,35,131,166
6838,12,39,166,205
6839,13,49,156,205
6840,14,44,122,166
6841,15,66,142,208
6842,16,64,238,302
6843,17,80,540,620
6844,18,49,469,518
6845,19,45,288,333
6846,20,40,189,229
6847,21,36,141,177
6848,22,16,88,104
6849,23,10,52,62
6850,0,8,23,31
6851,1,4,7,11
6852,2,1,4,5
6853,3,0,1,1
6854,4,0,4,4
6855,5,2,19,21
6856,6,4,105,109
6857,7,15,326,341
6858,8,25,474,499
6859,9,29,198,227
6860,10,27,75,102
6861,11,35,112,147
6862,12,42,159,201
6863,13,48,171,219
6864,14,32,137,169
6865,15,66,139,205
6866,16,58,246,304
6867,17,72,553,625
6868,18,58,512,570
6869,19,31,286,317
6870,20,23,204,227
6871,21,28,178,206
6872,22,22,115,137
6873,23,7,63,70
6874,0,11,23,34
6875,1,7,9,16
6876,2,1,6,7
6877,4,0,3,3
6878,5,0,3,3
6879,6,3,28,31
6880,7,1,67,68
6881,8,10,200,210
6882,9,17,185,202
6883,10,14,109,123
6884,11,33,116,149
6885,12,13,117,130
6886,13,20,86,106
6887,14,17,80,97
6888,15,21,99,120
6889,16,21,180,201
6890,17,11,170,181
6891,18,8,132,140
6892,19,8,189,197
6893,20,5,140,145
6894,21,6,79,85
6895,22,13,94,107
6896,23,14,55,69
6897,0,4,22,26
6898,1,4,11,15
6899,2,0,4,4
6900,3,0,1,1
6901,4,2,6,8
6902,5,2,24,26
6903,6,5,87,92
6904,7,15,303,318
6905,8,17,409,426
6906,9,26,197,223
6907,10,25,105,130
6908,11,30,99,129
6909,12,28,171,199
6910,13,28,136,164
6911,14,38,117,155
6912,15,22,138,160
6913,16,31,203,234
6914,17,56,438,494
6915,18,39,430,469
6916,19,20,278,298
6917,20,34,207,241
6918,21,16,149,165
6919,22,22,106,128
6920,23,7,83,90
6921,0,8,42,50
6922,1,7,19,26
6923,2,6,12,18
6924,3,0,7,7
6925,4,0,6,6
6926,5,0,31,31
6927,6,7,78,85
6928,7,5,228,233
6929,8,16,386,402
6930,9,33,189,222
6931,10,32,106,138
6932,11,39,135,174
6933,12,47,193,240
6934,13,43,163,206
6935,14,67,131,198
6936,15,57,178,235
6937,16,60,242,302
6938,17,79,445,524
6939,18,43,354,397
6940,19,25,228,253
6941,20,29,155,184
6942,21,31,112,143
6943,22,24,89,113
6944,23,18,99,117
6945,0,16,80,96
6946,1,20,50,70
6947,2,6,25,31
6948,3,1,19,20
6949,4,4,4,8
6950,5,1,7,8
6951,6,1,17,18
6952,7,8,49,57
6953,8,26,88,114
6954,9,47,122,169
6955,10,87,149,236
6956,11,110,172,282
6957,12,132,211,343
6958,13,136,186,322
6959,14,133,177,310
6960,15,159,223,382
6961,16,169,190,359
6962,17,143,217,360
6963,18,111,224,335
6964,19,47,173,220
6965,20,48,111,159
6966,21,37,120,157
6967,22,30,114,144
6968,23,27,81,108
6969,0,24,64,88
6970,1,11,60,71
6971,2,10,40,50
6972,3,15,31,46
6973,4,5,1,6
6974,5,1,2,3
6975,6,0,12,12
6976,7,3,18,21
6977,8,32,56,88
6978,9,48,95,143
6979,10,104,185,289
6980,11,131,202,333
6981,12,164,249,413
6982,13,160,255,415
6983,14,192,216,408
6984,15,171,216,387
6985,16,188,217,405
6986,17,120,220,340
6987,18,88,196,284
6988,19,53,140,193
6989,20,32,112,144
6990,21,24,75,99
6991,22,25,69,94
6992,23,18,31,49
6993,0,6,26,32
6994,1,7,8,15
6995,2,1,6,7
6996,3,1,3,4
6997,4,1,5,6
6998,5,2,19,21
6999,6,3,83,86
7000,7,11,274,285
7001,8,20,378,398
7002,9,29,166,195
7003,10,47,82,129
7004,11,59,109,168
7005,12,64,156,220
7006,13,60,138,198
7007,14,63,143,206
7008,15,52,125,177
7009,16,68,242,310
7010,17,87,527,614
7011,18,58,428,486
7012,19,25,212,237
7013,20,11,118,129
7014,21,12,114,126
7015,22,3,76,79
7016,23,9,50,59
7017,0,4,26,30
7018,1,5,6,11
7019,2,2,3,5
7020,3,1,3,4
7021,4,0,5,5
7022,5,0,24,24
7023,6,3,95,98
7024,7,15,299,314
7025,8,25,383,408
7026,9,29,194,223
7027,10,26,102,128
7028,11,46,120,166
7029,12,35,165,200
7030,13,37,161,198
7031,14,66,134,200
7032,15,63,171,234
7033,16,52,233,285
7034,17,68,517,585
7035,18,65,453,518
7036,19,44,294,338
7037,20,40,208,248
7038,21,32,169,201
7039,22,22,148,170
7040,23,15,79,94
7041,0,4,28,32
7042,1,3,9,12
7043,2,2,1,3
7044,3,0,3,3
7045,4,0,5,5
7046,5,0,21,21
7047,6,0,92,92
7048,7,15,284,299
7049,8,26,438,464
7050,9,14,226,240
7051,10,26,105,131
7052,11,23,132,155
7053,12,39,155,194
7054,13,20,62,82
7055,14,14,52,66
7056,15,11,59,70
7057,16,17,196,213
7058,17,40,414,454
7059,18,55,398,453
7060,19,25,306,331
7061,20,27,180,207
7062,21,17,140,157
7063,22,23,112,135
7064,23,3,72,75
7065,0,3,23,26
7066,1,2,9,11
7067,2,3,5,8
7068,3,1,3,4
7069,4,1,3,4
7070,5,1,14,15
7071,6,4,42,46
7072,7,9,128,137
7073,8,12,304,316
7074,9,16,155,171
7075,10,10,52,62
7076,11,8,44,52
7077,12,8,45,53
7078,13,10,64,74
7079,14,16,76,92
7080,15,12,95,107
7081,16,14,193,207
7082,17,31,291,322
7083,18,14,226,240
7084,19,19,200,219
7085,20,11,171,182
7086,21,13,119,132
7087,22,14,97,111
7088,23,8,60,68
7089,0,4,40,44
7090,1,7,9,16
7091,2,1,3,4
7092,3,4,4,8
7093,4,5,5,10
7094,5,0,25,25
7095,6,1,74,75
7096,7,6,199,205
7097,8,13,361,374
7098,9,19,210,229
7099,10,28,102,130
7100,11,40,128,168
7101,12,46,167,213
7102,13,43,185,228
7103,14,33,152,185
7104,15,44,171,215
7105,16,46,262,308
7106,17,35,411,446
7107,18,36,332,368
7108,19,16,188,204
7109,20,12,131,143
7110,21,5,69,74
7111,22,4,32,36
7112,23,8,31,39
7113,0,0,19,19
7114,1,0,18,18
7115,2,1,16,17
7116,3,0,8,8
7117,4,0,1,1
7118,5,0,1,1
7119,6,4,1,5
7120,7,1,6,7
7121,8,4,16,20
7122,9,1,19,20
7123,10,0,12,12
7124,11,1,26,27
7125,12,6,44,50
7126,13,0,30,30
7127,14,0,29,29
7128,15,3,38,41
7129,16,3,19,22
7130,17,3,28,31
7131,18,6,37,43
7132,19,3,36,39
7133,20,7,40,47
7134,21,1,49,50
7135,22,10,44,54
7136,23,3,33,36
7137,0,7,47,54
7138,1,9,34,43
7139,2,7,43,50
7140,3,7,26,33
7141,4,1,10,11
7142,5,0,4,4
7143,6,2,8,10
7144,7,7,15,22
7145,8,20,60,80
7146,9,55,92,147
7147,10,53,125,178
7148,11,58,182,240
7149,12,85,229,314
7150,13,113,232,345
7151,14,91,209,300
7152,15,88,202,290
7153,16,107,213,320
7154,17,54,191,245
7155,18,51,162,213
7156,19,28,125,153
7157,20,18,74,92
7158,21,4,75,79
7159,22,13,58,71
7160,23,7,30,37
7161,0,3,20,23
7162,1,5,8,13
7163,2,0,3,3
7164,3,0,3,3
7165,4,1,5,6
7166,5,0,18,18
7167,6,4,82,86
7168,7,11,216,227
7169,8,17,355,372
7170,9,14,197,211
7171,10,18,87,105
7172,11,31,97,128
7173,12,30,140,170
7174,13,24,128,152
7175,14,22,119,141
7176,15,27,141,168
7177,16,30,242,272
7178,17,44,442,486
7179,18,30,392,422
7180,19,12,226,238
7181,20,18,154,172
7182,21,7,109,116
7183,22,8,77,85
7184,23,6,46,52
7185,0,3,18,21
7186,1,3,8,11
7187,2,1,3,4
7188,3,1,5,6
7189,4,1,7,8
7190,5,0,18,18
7191,6,3,90,93
7192,7,8,246,254
7193,8,17,402,419
7194,9,16,206,222
7195,10,21,114,135
7196,11,16,101,117
7197,12,23,153,176
7198,13,20,147,167
7199,14,32,118,150
7200,15,38,148,186
7201,16,46,252,298
7202,17,36,470,506
7203,18,39,421,460
7204,19,39,274,313
7205,20,18,191,209
7206,21,13,114,127
7207,22,5,91,96
7208,23,11,61,72
7209,0,0,19,19
7210,1,2,8,10
7211,2,0,2,2
7212,3,0,2,2
7213,4,0,4,4
7214,5,0,27,27
7215,6,1,91,92
7216,7,11,240,251
7217,8,20,452,472
7218,9,15,213,228
7219,10,25,108,133
7220,11,27,117,144
7221,12,32,157,189
7222,13,22,139,161
7223,14,40,132,172
7224,15,26,161,187
7225,16,35,231,266
7226,17,30,523,553
7227,18,31,448,479
7228,19,25,257,282
7229,20,5,177,182
7230,21,13,155,168
7231,22,7,99,106
7232,23,3,54,57
7233,0,3,28,31
7234,1,3,12,15
7235,2,2,5,7
7236,3,1,4,5
7237,4,1,3,4
7238,5,1,27,28
7239,6,3,96,99
7240,7,12,280,292
7241,8,8,394,402
7242,9,9,155,164
7243,10,12,98,110
7244,11,12,108,120
7245,12,17,162,179
7246,13,19,150,169
7247,14,32,120,152
7248,15,24,138,162
7249,16,33,234,267
7250,17,33,465,498
7251,18,24,409,433
7252,19,18,234,252
7253,20,11,198,209
7254,21,4,140,144
7255,22,21,116,137
7256,23,15,80,95
7257,0,11,32,43
7258,1,1,16,17
7259,2,2,8,10
7260,3,1,7,8
7261,4,1,6,7
7262,5,0,23,23
7263,6,2,64,66
7264,7,10,235,245
7265,8,8,387,395
7266,9,15,239,254
7267,10,19,115,134
7268,11,34,128,162
7269,12,44,153,197
7270,13,33,161,194
7271,14,54,147,201
7272,15,45,192,237
7273,16,53,237,290
7274,17,42,438,480
7275,18,35,339,374
7276,19,14,182,196
7277,20,15,171,186
7278,21,8,115,123
7279,22,6,109,115
7280,23,17,72,89
7281,0,4,48,52
7282,1,5,57,62
7283,2,7,24,31
7284,3,0,8,8
7285,4,3,5,8
7286,5,0,2,2
7287,6,3,20,23
7288,7,3,31,34
7289,8,4,80,84
7290,9,30,111,141
7291,10,56,171,227
7292,11,69,169,238
7293,12,137,235,372
7294,13,148,207,355
7295,14,159,227,386
7296,15,141,202,343
7297,16,128,207,335
7298,17,100,234,334
7299,18,52,185,237
7300,19,45,159,204
7301,20,29,136,165
7302,21,19,99,118
7303,22,10,72,82
7304,23,4,81,85
7305,0,10,65,75
7306,1,11,104,115
7307,2,6,23,29
7308,3,5,4,9
7309,4,0,6,6
7310,5,0,5,5
7311,6,5,11,16
7312,7,4,24,28
7313,8,19,71,90
7314,9,36,134,170
7315,10,76,186,262
7316,11,104,216,320
7317,12,120,226,346
7318,13,105,209,314
7319,14,101,219,320
7320,15,96,210,306
7321,16,84,263,347
7322,17,71,185,256
7323,18,39,146,185
7324,19,21,130,151
7325,20,16,100,116
7326,21,11,77,88
7327,22,5,40,45
7328,23,7,43,50
7329,0,1,14,15
7330,1,2,6,8
7331,2,0,2,2
7332,3,0,3,3
7333,4,2,4,6
7334,5,1,25,26
7335,6,2,97,99
7336,7,6,305,311
7337,8,13,397,410
7338,9,18,156,174
7339,10,28,95,123
7340,11,28,100,128
7341,12,21,158,179
7342,13,32,157,189
7343,14,30,115,145
7344,15,38,132,170
7345,16,40,255,295
7346,17,39,489,528
7347,18,18,407,425
7348,19,20,280,300
7349,20,17,187,204
7350,21,10,129,139
7351,22,6,102,108
7352,23,1,47,48
7353,0,0,18,18
7354,1,3,8,11
7355,2,0,1,1
7356,3,0,3,3
7357,4,0,4,4
7358,5,1,17,18
7359,6,3,96,99
7360,7,7,316,323
7361,8,11,455,466
7362,9,14,177,191
7363,10,25,104,129
7364,11,21,126,147
7365,12,28,175,203
7366,13,31,165,196
7367,14,32,129,161
7368,15,33,155,188
7369,16,39,250,289
7370,17,40,459,499
7371,18,30,432,462
7372,19,14,264,278
7373,20,12,169,181
7374,21,16,166,182
7375,22,13,95,108
7376,23,3,45,48
7377,0,0,13,13
7378,1,0,10,10
7379,2,0,5,5
7380,3,0,4,4
7381,4,0,4,4
7382,5,0,28,28
7383,6,0,98,98
7384,7,0,300,300
7385,8,19,437,456
7386,9,22,197,219
7387,10,16,89,105
7388,11,21,131,152
7389,12,24,156,180
7390,13,31,136,167
7391,14,26,153,179
7392,15,21,130,151
7393,16,24,257,281
7394,17,27,458,485
7395,18,21,387,408
7396,19,12,292,304
7397,20,18,201,219
7398,21,9,152,161
7399,22,9,105,114
7400,23,5,61,66
7401,0,0,24,24
7402,1,1,10,11
7403,2,0,5,5
7404,3,0,11,11
7405,4,1,2,3
7406,5,1,22,23
7407,6,4,110,114
7408,7,6,266,272
7409,8,18,418,436
7410,9,23,188,211
7411,10,17,100,117
7412,11,9,99,108
7413,12,18,149,167
7414,13,9,87,96
7415,14,6,58,64
7416,15,5,57,62
7417,16,6,67,73
7418,17,9,168,177
7419,18,10,263,273
7420,19,19,192,211
7421,20,8,160,168
7422,21,6,130,136
7423,22,5,84,89
7424,23,9,73,82
7425,0,10,56,66
7426,1,3,16,19
7427,2,1,10,11
7428,3,0,6,6
7429,4,0,8,8
7430,5,0,13,13
7431,6,0,46,46
7432,7,5,116,121
7433,8,9,249,258
7434,9,15,186,201
7435,10,38,162,200
7436,11,20,150,170
7437,12,41,198,239
7438,13,57,179,236
7439,14,64,183,247
7440,15,29,187,216
7441,16,49,189,238
7442,17,24,286,310
7443,18,23,185,208
7444,19,17,182,199
7445,20,12,97,109
7446,21,4,79,83
7447,22,13,78,91
7448,23,6,67,73
7449,0,12,52,64
7450,1,9,45,54
7451,2,7,39,46
7452,3,4,13,17
7453,4,0,7,7
7454,5,1,3,4
7455,6,0,7,7
7456,7,3,24,27
7457,8,14,87,101
7458,9,18,142,160
7459,10,62,170,232
7460,11,102,213,315
7461,12,142,224,366
7462,13,128,225,353
7463,14,191,244,435
7464,15,165,221,386
7465,16,137,224,361
7466,17,92,193,285
7467,18,53,150,203
7468,19,32,139,171
7469,20,31,101,132
7470,21,19,103,122
7471,22,30,88,118
7472,23,23,78,101
7473,0,12,61,73
7474,1,13,58,71
7475,2,9,48,57
7476,3,8,20,28
7477,4,1,5,6
7478,5,2,3,5
7479,6,5,18,23
7480,7,13,30,43
7481,8,24,55,79
7482,9,38,97,135
7483,10,63,178,241
7484,11,108,187,295
7485,12,112,242,354
7486,13,105,234,339
7487,14,108,263,371
7488,15,89,221,310
7489,16,93,226,319
7490,17,44,187,231
7491,18,35,155,190
7492,19,36,121,157
7493,20,24,115,139
7494,21,19,76,95
7495,22,25,64,89
7496,23,18,49,67
7497,0,8,22,30
7498,1,5,6,11
7499,2,7,10,17
7500,3,4,3,7
7501,4,0,5,5
7502,5,0,19,19
7503,6,10,104,114
7504,7,11,311,322
7505,8,27,425,452
7506,9,29,204,233
7507,10,26,85,111
7508,11,22,106,128
7509,12,36,166,202
7510,13,50,153,203
7511,14,47,138,185
7512,15,53,142,195
7513,16,51,264,315
7514,17,55,464,519
7515,18,29,460,489
7516,19,28,274,302
7517,20,30,210,240
7518,21,37,176,213
7519,22,17,96,113
7520,23,13,48,61
7521,0,7,15,22
7522,1,5,5,10
7523,2,7,8,15
7524,3,0,4,4
7525,4,1,6,7
7526,5,2,26,28
7527,6,4,104,108
7528,7,21,298,319
7529,8,27,453,480
7530,9,26,174,200
7531,10,23,115,138
7532,11,18,116,134
7533,12,28,148,176
7534,13,21,132,153
7535,14,27,120,147
7536,15,36,155,191
7537,16,31,240,271
7538,17,29,422,451
7539,18,27,414,441
7540,19,27,259,286
7541,20,26,212,238
7542,21,23,145,168
7543,22,19,109,128
7544,23,14,66,80
7545,0,5,26,31
7546,1,0,5,5
7547,2,4,6,10
7548,3,2,3,5
7549,4,1,3,4
7550,5,0,13,13
7551,6,4,52,56
7552,7,7,130,137
7553,8,9,223,232
7554,9,5,77,82
7555,10,4,32,36
7556,11,7,53,60
7557,12,5,49,54
7558,13,6,52,58
7559,14,12,49,61
7560,15,16,50,66
7561,16,13,110,123
7562,17,17,216,233
7563,18,13,176,189
7564,19,3,108,111
7565,20,5,94,99
7566,21,3,72,75
7567,22,1,45,46
7568,23,3,28,31
7569,0,2,22,24
7570,1,0,5,5
7571,2,0,5,5
7572,3,0,3,3
7573,4,1,3,4
7574,5,1,21,22
7575,6,3,72,75
7576,7,4,164,168
7577,8,12,343,355
7578,9,14,184,198
7579,10,7,74,81
7580,11,4,93,97
7581,12,6,115,121
7582,13,15,109,124
7583,14,5,105,110
7584,15,10,106,116
7585,16,8,187,195
7586,17,20,379,399
7587,18,9,298,307
7588,19,7,210,217
7589,20,7,162,169
7590,21,3,113,116
7591,22,1,83,84
7592,23,0,58,58
7593,0,2,28,30
7594,1,0,10,10
7595,2,2,8,10
7596,3,0,2,2
7597,4,0,5,5
7598,5,0,22,22
7599,6,1,70,71
7600,7,5,211,216
7601,8,6,369,375
7602,9,6,207,213
7603,10,10,105,115
7604,11,18,122,140
7605,12,22,143,165
7606,13,31,146,177
7607,14,31,123,154
7608,15,27,151,178
7609,16,19,190,209
7610,17,17,361,378
7611,18,16,312,328
7612,19,7,183,190
7613,20,8,129,137
7614,21,3,108,111
7615,22,9,88,97
7616,23,5,54,59
7617,0,4,49,53
7618,1,1,34,35
7619,2,12,34,46
7620,3,4,11,15
7621,4,4,4,8
7622,5,0,2,2
7623,6,2,10,12
7624,7,3,38,41
7625,8,12,80,92
7626,9,12,130,142
7627,10,35,165,200
7628,11,50,183,233
7629,12,93,218,311
7630,13,118,245,363
7631,14,121,228,349
7632,15,120,262,382
7633,16,99,188,287
7634,17,61,171,232
7635,18,36,172,208
7636,19,33,149,182
7637,20,48,115,163
7638,21,29,79,108
7639,22,26,80,106
7640,23,20,73,93
7641,0,14,79,93
7642,1,11,73,84
7643,2,12,44,56
7644,3,6,31,37
7645,4,2,10,12
7646,5,0,4,4
7647,6,3,6,9
7648,7,4,19,23
7649,8,13,52,65
7650,9,29,109,138
7651,10,46,183,229
7652,11,74,212,286
7653,12,70,234,304
7654,13,84,285,369
7655,14,113,250,363
7656,15,109,242,351
7657,16,81,225,306
7658,17,35,168,203
7659,18,22,123,145
7660,19,17,140,157
7661,20,23,90,113
7662,21,11,94,105
7663,22,5,35,40
7664,23,3,25,28
7665,0,4,13,17
7666,1,4,8,12
7667,2,1,2,3
7668,3,0,4,4
7669,4,0,5,5
7670,5,0,20,20
7671,6,0,76,76
7672,7,17,229,246
7673,8,13,378,391
7674,9,15,222,237
7675,10,25,110,135
7676,11,16,112,128
7677,12,24,138,162
7678,13,13,121,134
7679,14,14,121,135
7680,15,15,93,108
7681,16,13,95,108
7682,17,10,200,210
7683,18,8,184,192
7684,19,2,135,137
7685,20,5,75,80
7686,21,11,103,114
7687,22,6,72,78
7688,23,4,29,33
7689,0,0,14,14
7690,1,1,5,6
7691,2,2,4,6
7692,3,1,2,3
7693,4,0,7,7
7694,5,1,17,18
7695,6,1,63,64
7696,7,2,119,121
7697,8,5,185,190
7698,9,2,147,149
7699,10,6,46,52
7700,11,4,28,32
7701,12,3,18,21
7702,13,4,22,26
7703,14,4,31,35
7704,15,2,32,34
7705,16,3,59,62
7706,17,4,161,165
7707,18,0,148,148
7708,19,5,106,111
7709,20,6,121,127
7710,21,4,86,90
7711,22,6,81,87
7712,23,3,36,39
7713,0,2,14,16
7714,1,0,8,8
7715,2,1,5,6
7716,3,1,2,3
7717,4,0,5,5
7718,5,1,16,17
7719,6,1,68,69
7720,7,2,154,156
7721,8,7,316,323
7722,9,3,164,167
7723,10,6,70,76
7724,11,9,107,116
7725,12,9,151,160
7726,13,12,162,174
7727,14,13,200,213
7728,15,13,194,207
7729,16,4,169,173
7730,17,7,156,163
7731,18,7,138,145
7732,19,6,116,122
7733,20,1,67,68
7734,21,0,66,66
7735,22,3,59,62
7736,23,4,47,51
7737,0,1,22,23
7738,1,1,23,24
7739,2,3,19,22
7740,3,1,4,5
7741,4,1,1,2
7742,5,1,10,11
7743,6,1,5,6
7744,7,9,31,40
7745,8,4,42,46
7746,9,13,68,81
7747,10,34,64,98
7748,11,52,90,142
7749,12,62,88,150
7750,13,84,91,175
7751,14,74,94,168
7752,15,78,71,149
7753,16,48,66,114
7754,17,34,40,74
7755,18,13,24,37
7756,19,15,13,28
7757,20,14,17,31
7758,21,7,19,26
7759,22,8,14,22
7760,23,2,19,21
7761,0,7,22,29
7762,1,2,12,14
7763,2,4,6,10
7764,3,0,2,2
7765,4,4,3,7
7766,5,2,3,5
7767,6,4,9,13
7768,7,4,31,35
7769,8,6,68,74
7770,9,25,70,95
7771,10,60,82,142
7772,11,99,127,226
7773,12,126,146,272
7774,13,143,140,283
7775,14,122,150,272
7776,15,165,145,310
7777,16,122,139,261
7778,17,57,127,184
7779,18,45,108,153
7780,19,38,96,134
7781,20,19,76,95
7782,21,24,61,85
7783,22,12,46,58
7784,23,5,28,33
7785,0,9,38,47
7786,1,5,24,29
7787,2,3,20,23
7788,3,8,9,17
7789,4,0,4,4
7790,5,0,3,3
7791,6,2,8,10
7792,7,4,13,17
7793,8,10,50,60
7794,9,16,67,83
7795,10,57,84,141
7796,11,107,123,230
7797,12,137,172,309
7798,13,177,148,325
7799,14,141,158,299
7800,15,154,160,314
7801,16,137,138,275
7802,17,62,122,184
7803,18,67,118,185
7804,19,46,100,146
7805,20,55,86,141
7806,21,20,72,92
7807,22,14,51,65
7808,23,18,51,69
7809,0,7,39,46
7810,1,9,35,44
7811,2,9,22,31
7812,3,9,8,17
7813,4,0,4,4
7814,5,0,5,5
7815,6,0,9,9
7816,7,12,11,23
7817,8,6,36,42
7818,9,21,90,111
7819,10,58,131,189
7820,11,83,157,240
7821,12,63,193,256
7822,13,97,216,313
7823,14,113,200,313
7824,15,96,221,317
7825,16,94,229,323
7826,17,37,167,204
7827,18,25,130,155
7828,19,30,109,139
7829,20,10,94,104
7830,21,13,75,88
7831,22,13,53,66
7832,23,5,27,32
7833,0,6,10,16
7834,1,1,12,13
7835,3,1,4,5
7836,4,0,4,4
7837,5,0,34,34
7838,6,6,98,104
7839,7,7,270,277
7840,8,13,394,407
7841,9,17,191,208
7842,10,21,86,107
7843,11,11,107,118
7844,12,13,165,178
7845,13,25,137,162
7846,14,14,129,143
7847,15,18,132,150
7848,16,24,240,264
7849,17,24,444,468
7850,18,20,396,416
7851,19,4,260,264
7852,20,12,206,218
7853,21,4,152,156
7854,22,7,102,109
7855,23,5,41,46
7856,0,4,18,22
7857,1,1,16,17
7858,2,0,5,5
7859,3,0,2,2
7860,4,1,5,6
7861,5,1,21,22
7862,6,1,88,89
7863,7,12,330,342
7864,8,9,440,449
7865,9,5,197,202
7866,10,2,34,36
7867,11,1,10,11
7868,12,1,17,18
7869,13,0,22,22
7870,14,1,35,36
7871,15,5,60,65
7872,16,5,146,151
7873,17,8,346,354
7874,18,11,347,358
7875,19,6,244,250
7876,20,8,176,184
7877,21,9,116,125
7878,22,5,90,95
7879,23,0,53,53
7880,0,1,23,24
7881,1,0,8,8
7882,2,0,5,5
7883,3,0,1,1
7884,4,0,5,5
7885,5,1,21,22
7886,6,3,100,103
7887,7,9,276,285
7888,8,13,465,478
7889,9,7,186,193
7890,10,15,95,110
7891,11,10,112,122
7892,12,12,148,160
7893,13,16,131,147
7894,14,13,99,112
7895,15,11,104,115
7896,16,27,199,226
7897,17,15,365,380
7898,18,7,369,376
7899,19,6,273,279
7900,20,6,184,190
7901,21,7,128,135
7902,22,5,82,87
7903,23,4,46,50
7904,0,1,19,20
7905,1,1,9,10
7906,2,1,8,9
7907,3,1,6,7
7908,4,0,1,1
7909,5,1,23,24
7910,6,5,92,97
7911,7,11,265,276
7912,8,15,462,477
7913,9,9,215,224
7914,10,7,86,93
7915,11,7,95,102
7916,12,9,139,148
7917,13,17,137,154
7918,14,20,130,150
7919,15,10,144,154
7920,16,9,192,201
7921,17,9,409,418
7922,18,12,393,405
7923,19,9,219,228
7924,20,12,178,190
7925,21,8,154,162
7926,22,5,99,104
7927,23,3,70,73
7928,0,6,32,38
7929,1,1,14,15
7930,2,0,10,10
7931,3,0,1,1
7932,4,0,3,3
7933,5,0,23,23
7934,6,3,84,87
7935,7,6,199,205
7936,8,13,432,445
7937,9,12,234,246
7938,10,16,89,105
7939,11,18,142,160
7940,12,18,186,204
7941,13,19,188,207
7942,14,25,145,170
7943,15,24,175,199
7944,16,22,254,276
7945,17,20,391,411
7946,18,10,362,372
7947,19,13,252,265
7948,20,12,178,190
7949,21,9,102,111
7950,22,7,95,102
7951,23,14,81,95
7952,0,10,65,75
7953,1,9,62,71
7954,2,9,41,50
7955,3,4,5,9
7956,4,1,7,8
7957,5,0,6,6
7958,6,1,10,11
7959,7,2,24,26
7960,8,1,62,63
7961,9,25,99,124
7962,10,22,173,195
7963,11,48,227,275
7964,12,78,280,358
7965,13,70,222,292
7966,14,92,251,343
7967,15,100,237,337
7968,16,75,230,305
7969,17,46,186,232
7970,18,31,193,224
7971,19,31,144,175
7972,20,17,110,127
7973,21,5,104,109
7974,22,17,97,114
7975,23,12,73,85
7976,0,19,64,83
7977,1,20,54,74
7978,2,11,51,62
7979,3,7,34,41
7980,4,2,9,11
7981,5,2,2,4
7982,6,1,3,4
7983,7,3,23,26
7984,8,7,48,55
7985,9,12,114,126
7986,10,36,180,216
7987,11,48,206,254
7988,12,82,247,329
7989,13,88,269,357
7990,14,77,246,323
7991,15,69,227,296
7992,16,64,266,330
7993,17,38,207,245
7994,18,10,161,171
7995,19,15,158,173
7996,20,8,116,124
7997,21,7,65,72
7998,22,5,59,64
7999,23,3,42,45
8000,0,3,21,24
8001,1,2,10,12
8002,2,0,8,8
8003,3,0,2,2
8004,4,0,7,7
8005,5,1,24,25
8006,6,1,89,90
8007,7,9,274,283
8008,8,12,392,404
8009,9,12,178,190
8010,10,9,78,87
8011,11,17,106,123
8012,12,29,125,154
8013,13,18,153,171
8014,14,7,126,133
8015,15,16,132,148
8016,16,10,238,248
8017,17,16,430,446
8018,18,13,386,399
8019,19,13,295,308
8020,20,15,190,205
8021,21,10,166,176
8022,22,12,94,106
8023,23,8,54,62
8024,0,3,25,28
8025,1,2,14,16
8026,2,0,3,3
8027,3,0,3,3
8028,4,0,7,7
8029,5,0,20,20
8030,6,5,81,86
8031,7,7,227,234
8032,8,13,401,414
8033,9,4,200,204
8034,10,6,44,50
8035,11,4,28,32
8036,12,5,50,55
8037,13,6,65,71
8038,14,6,69,75
8039,15,2,43,45
8040,16,4,84,88
8041,17,13,249,262
8042,18,17,287,304
8043,19,10,223,233
8044,20,3,107,110
8045,21,6,108,114
8046,22,5,82,87
8047,23,5,48,53
8048,0,3,30,33
8049,1,4,9,13
8050,2,2,4,6
8051,3,0,3,3
8052,4,0,1,1
8053,5,0,3,3
8054,6,0,18,18
8055,7,3,43,46
8056,8,6,80,86
8057,9,0,64,64
8058,10,1,32,33
8059,11,3,47,50
8060,12,4,29,33
8061,13,5,28,33
8062,14,1,24,25
8063,15,5,25,30
8064,16,3,28,31
8065,17,4,48,52
8066,18,3,48,51
8067,19,2,31,33
8068,20,1,25,26
8069,21,0,6,6
8070,22,0,13,13
8071,23,0,16,16
8072,0,0,21,21
8073,1,1,6,7
8074,2,0,4,4
8075,3,0,1,1
8076,4,0,2,2
8077,5,0,12,12
8078,6,0,71,71
8079,7,11,233,244
8080,8,11,418,429
8081,9,7,218,225
8082,10,1,109,110
8083,11,6,100,106
8084,12,8,148,156
8085,13,9,115,124
8086,14,16,121,137
8087,15,19,98,117
8088,16,7,201,208
8089,17,10,321,331
8090,18,12,306,318
8091,19,12,220,232
8092,20,5,170,175
8093,21,4,135,139
8094,22,8,84,92
8095,23,3,58,61
8096,0,8,26,34
8097,1,2,12,14
8098,2,2,10,12
8099,3,1,5,6
8100,4,1,1,2
8101,5,0,20,20
8102,6,1,62,63
8103,7,4,195,199
8104,8,7,378,385
8105,9,8,256,264
8106,10,11,115,126
8107,11,15,121,136
8108,12,27,146,173
8109,13,27,141,168
8110,14,24,163,187
8111,15,29,160,189
8112,16,24,226,250
8113,17,10,352,362
8114,18,10,308,318
8115,19,10,189,199
8116,20,10,140,150
8117,21,9,131,140
8118,22,15,114,129
8119,23,6,88,94
8120,0,11,66,77
8121,1,11,55,66
8122,2,12,48,60
8123,3,5,20,25
8124,4,0,3,3
8125,5,0,6,6
8126,6,1,10,11
8127,7,0,11,11
8128,8,5,68,73
8129,9,15,134,149
8130,10,31,161,192
8131,11,44,192,236
8132,12,48,235,283
8133,13,47,239,286
8134,14,51,242,293
8135,15,60,239,299
8136,16,58,183,241
8137,17,34,151,185
8138,18,28,144,172
8139,19,15,139,154
8140,20,10,114,124
8141,21,4,79,83
8142,22,7,88,95
8143,23,5,61,66
8144,0,5,69,74
8145,1,8,54,62
8146,2,5,47,52
8147,3,2,17,19
8148,4,0,5,5
8149,5,0,6,6
8150,6,0,10,10
8151,7,1,30,31
8152,8,4,68,72
8153,9,19,88,107
8154,10,30,164,194
8155,11,31,166,197
8156,12,42,246,288
8157,13,44,224,268
8158,14,44,198,242
8159,15,47,219,266
8160,16,32,174,206
8161,17,13,150,163
8162,18,12,151,163
8163,19,7,98,105
8164,20,10,62,72
8165,21,10,53,63
8166,22,7,36,43
8167,23,4,31,35
8168,0,4,16,20
8169,1,0,9,9
8170,2,0,4,4
8171,3,0,2,2
8172,4,0,3,3
8173,5,0,21,21
8174,6,1,63,64
8175,7,4,231,235
8176,8,7,378,385
8177,9,12,208,220
8178,10,14,91,105
8179,11,15,100,115
8180,12,7,138,145
8181,13,13,153,166
8182,14,16,95,111
8183,15,8,124,132
8184,16,5,209,214
8185,17,7,352,359
8186,18,8,349,357
8187,19,9,232,241
8188,20,8,157,165
8189,21,2,119,121
8190,22,0,71,71
8191,23,3,42,45
8192,0,1,16,17
8193,1,0,4,4
8194,2,1,1,2
8195,3,0,3,3
8196,4,0,4,4
8197,5,0,20,20
8198,6,0,92,92
8199,7,2,221,223
8200,8,9,391,400
8201,9,10,223,233
8202,10,3,99,102
8203,11,9,115,124
8204,12,20,147,167
8205,13,7,120,127
8206,14,18,116,134
8207,15,7,144,151
8208,16,13,194,207
8209,17,17,381,398
8210,18,12,370,382
8211,19,5,262,267
8212,20,7,154,161
8213,21,5,134,139
8214,22,5,102,107
8215,23,4,55,59
8216,0,0,22,22
8217,1,0,8,8
8218,2,0,2,2
8219,3,0,3,3
8220,4,0,4,4
8221,5,0,26,26
8222,6,0,87,87
8223,7,4,243,247
8224,8,9,458,467
8225,9,9,230,239
8226,10,9,133,142
8227,11,12,103,115
8228,12,6,138,144
8229,13,14,119,133
8230,14,17,134,151
8231,15,24,143,167
8232,16,12,233,245
8233,17,19,377,396
8234,18,11,379,390
8235,19,9,259,268
8236,20,6,169,175
8237,21,9,145,154
8238,22,5,99,104
8239,23,3,48,51
8240,0,5,45,50
8241,1,5,15,20
8242,2,2,5,7
8243,3,1,2,3
8244,4,0,6,6
8245,5,0,24,24
8246,6,2,90,92
8247,7,6,252,258
8248,8,8,449,457
8249,9,6,274,280
8250,10,4,105,109
8251,11,9,126,135
8252,12,17,140,157
8253,13,14,150,164
8254,14,8,124,132
8255,15,6,76,82
8256,16,7,124,131
8257,17,14,310,324
8258,18,14,363,377
8259,19,13,274,287
8260,20,12,209,221
8261,21,10,145,155
8262,22,8,116,124
8263,23,10,104,114
8264,0,12,60,72
8265,1,3,28,31
8266,2,0,23,23
8267,3,2,3,5
8268,4,1,4,5
8269,5,0,26,26
8270,6,2,80,82
8271,7,5,226,231
8272,8,10,449,459
8273,9,8,235,243
8274,10,10,122,132
8275,11,9,135,144
8276,12,10,163,173
8277,13,12,125,137
8278,14,13,115,128
8279,15,12,141,153
8280,16,12,212,224
8281,17,13,352,365
8282,18,10,285,295
8283,19,11,203,214
8284,20,6,146,152
8285,21,7,95,102
8286,22,6,100,106
8287,23,4,71,75
8288,0,3,59,62
8289,1,4,39,43
8290,2,11,47,58
8291,3,4,22,26
8292,4,0,9,9
8293,5,2,7,9
8294,6,0,17,17
8295,7,0,20,20
8296,8,4,55,59
8297,9,5,95,100
8298,10,10,171,181
8299,11,21,188,209
8300,12,28,216,244
8301,13,32,204,236
8302,14,30,207,237
8303,15,33,195,228
8304,16,30,192,222
8305,17,12,153,165
8306,18,7,150,157
8307,19,11,95,106
8308,20,7,99,106
8309,21,8,88,96
8310,22,7,73,80
8311,23,6,63,69
8312,0,7,64,71
8313,1,3,43,46
8314,2,2,39,41
8315,3,2,16,18
8316,4,0,1,1
8317,5,1,4,5
8318,6,0,3,3
8319,7,1,11,12
8320,8,1,31,32
8321,9,6,75,81
8322,10,7,122,129
8323,11,20,168,188
8324,12,26,202,228
8325,13,18,210,228
8326,14,19,200,219
8327,15,23,184,207
8328,16,27,207,234
8329,17,10,126,136
8330,18,15,123,138
8331,19,5,130,135
8332,20,10,94,104
8333,21,9,80,89
8334,22,2,47,49
8335,23,6,31,37
8336,0,3,14,17
8337,1,3,8,11
8338,2,0,3,3
8339,3,0,3,3
8340,4,0,4,4
8341,5,0,21,21
8342,6,0,68,68
8343,7,4,187,191
8344,8,8,389,397
8345,9,17,166,183
8346,10,12,96,108
8347,11,22,105,127
8348,12,13,128,141
8349,13,15,127,142
8350,14,30,107,137
8351,15,24,135,159
8352,16,19,189,208
8353,17,16,362,378
8354,18,11,343,354
8355,19,17,234,251
8356,20,9,197,206
8357,21,15,112,127
8358,22,12,95,107
8359,23,10,50,60
8360,0,0,21,21
8361,1,0,6,6
8362,2,1,10,11
8363,3,1,1,2
8364,4,0,4,4
8365,5,0,15,15
8366,6,1,71,72
8367,7,7,261,268
8368,8,10,422,432
8369,9,14,245,259
8370,10,20,109,129
8371,11,13,116,129
8372,12,16,159,175
8373,13,18,163,181
8374,14,11,127,138
8375,15,15,139,154
8376,16,20,218,238
8377,17,14,417,431
8378,18,26,385,411
8379,19,6,218,224
8380,20,3,144,147
8381,21,4,139,143
8382,22,3,104,107
8383,23,13,40,53
8384,0,7,18,25
8385,1,1,10,11
8386,2,0,4,4
8387,3,0,2,2
8388,4,0,2,2
8389,5,0,28,28
8390,6,1,75,76
8391,7,5,224,229
8392,8,12,393,405
8393,9,14,220,234
8394,10,6,83,89
8395,11,3,53,56
8396,12,3,58,61
8397,13,3,55,58
8398,14,11,40,51
8399,15,4,57,61
8400,16,6,95,101
8401,17,3,226,229
8402,18,2,278,280
8403,19,9,200,209
8404,20,5,162,167
8405,21,9,114,123
8406,22,3,102,105
8407,23,0,54,54
8408,0,3,24,27
8409,1,0,15,15
8410,2,1,10,11
8411,3,0,6,6
8412,4,0,3,3
8413,5,1,15,16
8414,6,1,63,64
8415,7,4,182,186
8416,8,10,333,343
8417,9,10,218,228
8418,10,13,128,141
8419,11,10,135,145
8420,12,22,180,202
8421,13,21,167,188
8422,14,23,136,159
8423,15,28,186,214
8424,16,30,226,256
8425,17,24,332,356
8426,18,11,277,288
8427,19,12,130,142
8428,20,0,33,33
8429,21,2,15,17
8430,22,0,17,17
8431,23,1,10,11
8432,0,2,7,9
8433,1,1,11,12
8434,2,1,12,13
8435,3,0,4,4
8436,4,0,2,2
8437,5,0,8,8
8438,6,0,40,40
8439,7,4,88,92
8440,8,9,173,182
8441,9,4,152,156
8442,10,8,96,104
8443,11,26,148,174
8444,12,14,156,170
8445,13,17,177,194
8446,14,23,177,200
8447,15,12,191,203
8448,16,15,166,181
8449,17,11,129,140
8450,18,4,91,95
8451,19,1,75,76
8452,20,3,47,50
8453,21,0,32,32
8454,22,4,43,47
8455,23,4,21,25
8456,0,3,20,23
8457,1,1,15,16
8458,2,4,22,26
8459,3,0,5,5
8460,4,0,3,3
8461,5,1,3,4
8462,6,0,10,10
8463,7,0,10,10
8464,8,0,27,27
8465,9,3,53,56
8466,10,4,52,56
8467,11,9,62,71
8468,12,15,79,94
8469,13,24,97,121
8470,14,15,70,85
8471,15,15,82,97
8472,16,25,74,99
8473,17,15,53,68
8474,18,2,33,35
8475,19,1,24,25
8476,20,5,19,24
8477,21,4,15,19
8478,22,8,12,20
8479,23,1,16,17
8480,0,2,4,6
8481,1,2,2,4
8482,2,0,2,2
8483,3,1,3,4
8484,5,0,1,1
8485,6,0,1,1
8486,7,0,4,4
8487,8,1,4,5
8488,9,3,20,23
8489,10,31,12,43
8490,11,43,42,85
8491,12,25,41,66
8492,13,40,39,79
8493,14,41,45,86
8494,15,43,48,91
8495,16,35,51,86
8496,17,11,33,44
8497,18,7,23,30
8498,19,2,14,16
8499,20,8,18,26
8500,21,4,15,19
8501,22,2,15,17
8502,23,2,14,16
8503,0,5,6,11
8504,1,3,7,10
8505,2,2,5,7
8506,4,0,2,2
8507,5,0,4,4
8508,6,0,4,4
8509,7,2,17,19
8510,8,5,13,18
8511,9,24,38,62
8512,10,31,39,70
8513,11,40,51,91
8514,12,34,66,100
8515,13,57,83,140
8516,14,73,80,153
8517,15,26,105,131
8518,16,28,69,97
8519,17,30,67,97
8520,18,21,54,75
8521,19,16,49,65
8522,20,14,42,56
8523,21,10,39,49
8524,22,5,22,27
8525,23,4,25,29
8526,0,3,9,12
8527,1,0,6,6
8528,2,2,2,4
8529,3,0,3,3
8530,4,0,3,3
8531,5,0,8,8
8532,6,0,35,35
8533,7,1,79,80
8534,8,9,155,164
8535,9,19,85,104
8536,10,13,47,60
8537,11,6,24,30
8538,12,8,16,24
8539,13,1,19,20
8540,14,0,14,14
8541,15,2,17,19
8542,16,2,44,46
8543,17,6,109,115
8544,18,9,126,135
8545,19,3,87,90
8546,20,3,66,69
8547,21,11,52,63
8548,22,3,29,32
8549,23,2,24,26
8550,0,0,10,10
8551,1,0,12,12
8552,2,0,7,7
8553,3,0,4,4
8554,5,0,9,9
8555,6,1,42,43
8556,7,4,106,110
8557,8,11,206,217
8558,9,18,171,189
8559,10,12,84,96
8560,11,18,93,111
8561,12,32,108,140
8562,13,24,135,159
8563,14,24,96,120
8564,15,16,101,117
8565,16,23,144,167
8566,17,25,225,250
8567,18,10,159,169
8568,19,16,135,151
8569,20,9,70,79
8570,21,7,63,70
8571,22,2,31,33
8572,23,3,36,39
8573,0,4,24,28
8574,1,0,15,15
8575,2,0,3,3
8576,3,0,2,2
8577,4,1,2,3
8578,5,0,10,10
8579,6,2,39,41
8580,7,2,104,106
8581,8,3,207,210
8582,9,15,155,170
8583,10,13,97,110
8584,11,23,99,122
8585,12,12,118,130
8586,13,36,95,131
8587,14,30,112,142
8588,15,27,150,177
8589,16,22,155,177
8590,17,14,226,240
8591,18,15,192,207
8592,19,11,124,135
8593,20,8,88,96
8594,21,8,60,68
8595,22,7,48,55
8596,23,1,44,45
8597,0,4,26,30
8598,1,9,11,20
8599,2,2,10,12
8600,3,0,6,6
8601,4,0,2,2
8602,5,0,10,10
8603,6,1,31,32
8604,7,3,92,95
8605,8,12,193,205
8606,9,19,175,194
8607,10,10,108,118
8608,11,45,126,171
8609,12,38,159,197
8610,13,53,154,207
8611,14,67,178,245
8612,15,56,236,292
8613,16,36,247,283
8614,17,54,188,242
8615,18,19,163,182
8616,19,16,96,112
8617,20,16,75,91
8618,21,11,84,95
8619,22,7,78,85
8620,23,13,60,73
8621,0,7,37,44
8622,1,4,31,35
8623,2,1,27,28
8624,3,1,17,18
8625,4,1,9,10
8626,5,1,0,1
8627,6,1,5,6
8628,7,6,13,19
8629,8,7,42,49
8630,9,18,72,90
8631,10,20,108,128
8632,11,65,152,217
8633,12,93,180,273
8634,13,108,205,313
8635,14,115,185,300
8636,15,89,164,253
8637,16,52,143,195
8638,17,28,101,129
8639,18,13,80,93
8640,19,19,73,92
8641,20,8,63,71
8642,21,2,50,52
8643,22,2,36,38
8644,23,4,27,31
8645,0,5,43,48
8646,1,15,78,93
8647,2,16,59,75
8648,3,11,41,52
8649,4,0,8,8
8650,5,0,5,5
8651,6,1,1,2
8652,7,1,6,7
8653,8,4,10,14
8654,9,13,27,40
8655,10,18,52,70
8656,11,40,98,138
8657,12,58,143,201
8658,13,82,141,223
8659,14,120,147,267
8660,15,101,164,265
8661,16,68,147,215
8662,17,36,75,111
8663,18,25,81,106
8664,19,20,85,105
8665,20,25,58,83
8666,21,10,61,71
8667,22,13,53,66
8668,23,4,25,29
8669,0,8,31,39
8670,1,1,11,12
8671,2,1,6,7
8672,4,0,4,4
8673,5,1,3,4
8674,6,0,14,14
8675,7,0,16,16
8676,8,2,51,53
8677,9,15,53,68
8678,10,20,89,109
8679,11,33,142,175
8680,12,41,161,202
8681,13,26,150,176
8682,14,10,141,151
8683,15,29,139,168
8684,16,10,144,154
8685,17,17,136,153
8686,18,13,113,126
8687,19,4,89,93
8688,20,5,83,88
8689,21,3,63,66
8690,22,3,36,39
8691,23,2,32,34
8692,0,0,13,13
8693,1,1,5,6
8694,2,0,3,3
8695,3,0,2,2
8696,4,0,5,5
8697,5,0,12,12
8698,6,4,81,85
8699,7,2,168,170
8700,8,5,349,354
8701,9,8,145,153
8702,10,5,55,60
8703,11,12,63,75
8704,12,4,70,74
8705,13,5,68,73
8706,14,7,72,79
8707,15,9,68,77
8708,16,7,129,136
8709,17,4,241,245
8710,18,10,214,224
8711,19,4,152,156
8712,20,0,115,115
8713,21,2,66,68
8714,22,0,33,33
8715,23,0,18,18
8716,0,0,9,9
8717,1,0,3,3
8718,2,0,1,1
8719,3,0,1,1
8720,4,0,2,2
8721,5,0,14,14
8722,6,0,59,59
8723,7,1,151,152
8724,8,5,310,315
8725,9,7,173,180
8726,10,7,57,64
8727,11,6,40,46
8728,12,9,75,84
8729,13,9,82,91
8730,14,6,69,75
8731,15,9,81,90
8732,16,8,123,131
8733,17,9,272,281
8734,18,9,280,289
8735,19,2,182,184
8736,20,2,121,123
8737,21,2,88,90
8738,22,4,48,52
8739,23,0,32,32
8740,0,1,13,14
8741,1,0,5,5
8742,2,0,4,4
8743,3,0,4,4
8744,4,0,5,5
8745,5,0,26,26
8746,6,0,78,78
8747,7,3,212,215
8748,8,11,377,388
8749,9,7,220,227
8750,10,5,81,86
8751,11,6,78,84
8752,12,6,114,120
8753,13,6,112,118
8754,14,13,104,117
8755,15,6,113,119
8756,16,19,178,197
8757,17,19,393,412
8758,18,9,374,383
8759,19,10,255,265
8760,20,5,172,177
8761,21,9,88,97
8762,22,1,70,71
8763,23,4,56,60
8764,0,1,24,25
8765,1,2,6,8
8766,2,2,3,5
8767,3,1,3,4
8768,4,0,3,3
8769,5,0,13,13
8770,6,1,69,70
8771,7,4,201,205
8772,8,11,436,447
8773,9,4,237,241
8774,10,14,102,116
8775,11,8,130,138
8776,12,23,168,191
8777,13,16,188,204
8778,14,26,152,178
8779,15,44,178,222
8780,16,35,259,294
8781,17,20,456,476
8782,18,28,391,419
8783,19,11,261,272
8784,20,14,163,177
8785,21,17,137,154
8786,22,12,123,135
8787,23,13,88,101
8788,0,2,77,79
8789,1,6,56,62
8790,2,2,36,38
8791,3,1,19,20
8792,4,1,9,10
8793,5,2,7,9
8794,6,0,7,7
8795,7,0,20,20
8796,8,0,64,64
8797,9,14,116,130
8798,10,43,160,203
8799,11,74,250,324
8800,12,100,276,376
8801,13,149,296,445
8802,14,156,356,512
8803,15,132,317,449
8804,16,133,268,401
8805,17,87,235,322
8806,18,49,248,297
8807,19,44,171,215
8808,20,21,149,170
8809,21,22,118,140
8810,22,16,93,109
8811,23,16,103,119
8812,0,14,77,91
8813,1,10,62,72
8814,2,10,57,67
8815,3,6,26,32
8816,4,2,4,6
8817,5,0,2,2
8818,6,0,2,2
8819,7,1,23,24
8820,8,4,53,57
8821,9,23,102,125
8822,10,27,181,208
8823,11,55,201,256
8824,12,78,273,351
8825,13,77,266,343
8826,14,75,253,328
8827,15,89,241,330
8828,16,58,256,314
8829,17,22,197,219
8830,18,19,162,181
8831,19,8,104,112
8832,20,7,119,126
8833,21,10,81,91
8834,22,4,54,58
8835,23,0,30,30
8836,0,3,12,15
8837,1,1,4,5
8838,2,2,3,5
8839,3,0,3,3
8840,4,0,4,4
8841,5,0,21,21
8842,6,3,85,88
8843,7,1,239,240
8844,8,13,407,420
8845,9,9,188,197
8846,10,13,95,108
8847,11,6,82,88
8848,12,10,93,103
8849,13,3,77,80
8850,14,5,45,50
8851,15,5,64,69
8852,16,3,46,49
8853,17,5,147,152
8854,18,6,158,164
8855,19,3,187,190
8856,20,5,127,132
8857,21,1,78,79
8858,22,8,54,62
8859,23,1,51,52
8860,0,0,14,14
8861,1,2,3,5
8862,2,2,2,4
8863,4,0,4,4
8864,5,0,23,23
8865,6,0,79,79
8866,7,3,219,222
8867,8,6,465,471
8868,9,11,184,195
8869,10,3,80,83
8870,11,8,93,101
8871,12,13,127,140
8872,13,15,163,178
8873,14,10,96,106
8874,15,17,119,136
8875,16,15,225,240
8876,17,14,446,460
8877,18,13,372,385
8878,19,11,270,281
8879,20,10,190,200
8880,21,7,109,116
8881,22,10,104,114
8882,23,3,38,41
8883,0,2,26,28
8884,1,1,6,7
8885,2,0,5,5
8886,3,0,4,4
8887,4,0,2,2
8888,5,0,22,22
8889,6,2,72,74
8890,7,9,247,256
8891,8,11,488,499
8892,9,7,218,225
8893,10,13,84,97
8894,11,9,90,99
8895,12,4,51,55
8896,13,8,57,65
8897,14,3,70,73
8898,15,6,73,79
8899,16,6,112,118
8900,17,6,128,134
8901,18,2,96,98
8902,19,1,92,93
8903,20,2,55,57
8904,21,0,29,29
8905,22,0,49,49
8906,23,0,9,9
8907,0,0,3,3
8908,1,0,3,3
8909,2,1,1,2
8910,3,0,3,3
8911,4,0,2,2
8912,5,0,16,16
8913,6,1,88,89
8914,7,2,218,220
8915,8,11,497,508
8916,9,10,220,230
8917,10,6,84,90
8918,11,18,101,119
8919,12,14,130,144
8920,13,13,170,183
8921,14,24,132,156
8922,15,32,156,188
8923,16,33,248,281
8924,17,23,472,495
8925,18,22,399,421
8926,19,17,313,330
8927,20,11,229,240
8928,21,12,162,174
8929,22,12,121,133
8930,23,7,60,67
8931,0,4,38,42
8932,1,0,12,12
8933,2,1,13,14
8934,3,3,4,7
8935,4,1,2,3
8936,5,0,21,21
8937,6,2,71,73
8938,7,3,174,177
8939,8,11,408,419
8940,9,10,204,214
8941,10,2,101,103
8942,11,12,102,114
8943,12,14,140,154
8944,13,14,140,154
8945,14,10,119,129
8946,15,15,123,138
8947,16,18,215,233
8948,17,15,317,332
8949,18,7,294,301
8950,19,7,199,206
8951,20,6,130,136
8952,21,7,95,102
8953,22,7,58,65
8954,23,5,60,65
8955,0,2,42,44
8956,1,6,44,50
8957,2,6,32,38
8958,3,6,14,20
8959,4,0,3,3
8960,5,0,4,4
8961,6,0,5,5
8962,7,0,24,24
8963,8,3,89,92
8964,9,3,78,81
8965,10,14,135,149
8966,11,28,150,178
8967,12,30,189,219
8968,13,38,182,220
8969,14,52,179,231
8970,15,49,177,226
8971,16,28,178,206
8972,17,15,129,144
8973,18,21,122,143
8974,19,12,90,102
8975,20,8,95,103
8976,21,3,66,69
8977,22,4,62,66
8978,23,5,71,76
8979,0,9,50,59
8980,1,2,40,42
8981,2,5,38,43
8982,3,1,24,25
8983,4,1,5,6
8984,5,0,5,5
8985,6,1,7,8
8986,7,3,14,17
8987,8,2,34,36
8988,9,10,80,90
8989,10,11,115,126
8990,11,21,144,165
8991,12,42,192,234
8992,13,40,184,224
8993,14,25,163,188
8994,15,33,173,206
8995,16,31,174,205
8996,17,15,131,146
8997,18,7,113,120
8998,19,9,101,110
8999,20,10,85,95
9000,21,1,71,72
9001,22,2,58,60
9002,23,3,26,29
9003,0,2,23,25
9004,1,2,18,20
9005,2,3,14,17
9006,3,0,3,3
9007,4,2,6,8
9008,5,1,5,6
9009,6,0,13,13
9010,7,5,28,33
9011,8,3,75,78
9012,9,7,89,96
9013,10,19,107,126
9014,11,21,158,179
9015,12,20,165,185
9016,13,26,202,228
9017,14,23,158,181
9018,15,17,175,192
9019,16,22,158,180
9020,17,19,174,193
9021,18,6,175,181
9022,19,10,134,144
9023,20,2,88,90
9024,21,3,46,49
9025,22,4,39,43
9026,23,0,28,28
9027,0,0,12,12
9028,1,0,2,2
9029,2,0,12,12
9030,4,0,2,2
9031,5,0,13,13
9032,6,0,57,57
9033,7,5,121,126
9034,8,3,90,93
9035,9,7,61,68
9036,10,1,61,62
9037,11,2,73,75
9038,12,3,83,86
9039,13,8,95,103
9040,14,12,120,132
9041,15,6,123,129
9042,16,14,205,219
9043,17,20,442,462
9044,18,12,451,463
9045,19,11,297,308
9046,20,11,169,180
9047,21,6,174,180
9048,22,5,85,90
9049,23,1,60,61
9050,0,3,14,17
9051,1,0,10,10
9052,2,1,1,2
9053,3,1,3,4
9054,4,0,1,1
9055,5,0,29,29
9056,6,0,88,88
9057,7,1,262,263
9058,8,15,474,489
9059,9,6,196,202
9060,10,5,88,93
9061,11,4,110,114
9062,12,6,155,161
9063,13,6,124,130
9064,14,7,98,105
9065,15,8,122,130
9066,16,13,163,176
9067,17,8,338,346
9068,18,8,347,355
9069,19,5,251,256
9070,20,1,164,165
9071,21,5,119,124
9072,22,4,74,78
9073,23,2,36,38
9074,0,0,16,16
9075,1,0,5,5
9076,2,0,3,3
9077,3,0,4,4
9078,4,0,1,1
9079,5,0,19,19
9080,6,0,86,86
9081,7,2,204,206
9082,8,9,414,423
9083,9,6,204,210
9084,10,10,98,108
9085,11,6,93,99
9086,12,5,106,111
9087,13,6,118,124
9088,14,15,104,119
9089,15,9,118,127
9090,16,8,185,193
9091,17,21,364,385
9092,18,16,345,361
9093,19,5,229,234
9094,20,7,184,191
9095,21,4,117,121
9096,22,0,90,90
9097,23,1,55,56
9098,0,3,24,27
9099,1,0,15,15
9100,2,0,11,11
9101,3,0,4,4
9102,4,0,3,3
9103,5,0,19,19
9104,6,0,68,68
9105,7,2,183,185
9106,8,4,421,425
9107,9,21,242,263
9108,10,1,96,97
9109,11,6,117,123
9110,12,5,119,124
9111,13,12,144,156
9112,14,8,107,115
9113,15,12,144,156
9114,16,11,163,174
9115,17,9,340,349
9116,18,5,296,301
9117,19,6,186,192
9118,20,1,141,142
9119,21,5,99,104
9120,22,1,71,72
9121,23,3,35,38
9122,0,0,24,24
9123,1,1,22,23
9124,2,1,25,26
9125,3,0,13,13
9126,4,0,1,1
9127,5,0,2,2
9128,6,0,1,1
9129,7,3,10,13
9130,8,3,22,25
9131,9,2,40,42
9132,10,0,45,45
9133,11,1,62,63
9134,12,5,62,67
9135,13,10,66,76
9136,14,6,89,95
9137,15,6,113,119
9138,16,5,113,118
9139,17,7,99,106
9140,18,3,107,110
9141,19,0,85,85
9142,20,5,62,67
9143,21,5,64,69
9144,22,3,56,59
9145,23,1,51,52
9146,0,1,51,52
9147,1,1,49,50
9148,2,1,46,47
9149,3,1,20,21
9150,4,1,1,2
9151,5,1,2,3
9152,6,0,4,4
9153,7,2,11,13
9154,8,3,29,32
9155,9,9,54,63
9156,10,9,120,129
9157,11,18,115,133
9158,12,24,161,185
9159,13,24,175,199
9160,14,19,163,182
9161,15,27,149,176
9162,16,12,143,155
9163,17,8,100,108
9164,18,11,110,121
9165,19,9,80,89
9166,20,5,69,74
9167,21,8,36,44
9168,22,0,58,58
9169,23,2,35,37
9170,0,2,17,19
9171,1,0,4,4
9172,2,0,2,2
9173,3,0,1,1
9174,4,0,1,1
9175,5,0,19,19
9176,6,6,36,42
9177,7,8,114,122
9178,8,5,267,272
9179,9,13,198,211
9180,10,10,139,149
9181,11,5,57,62
9182,12,10,52,62
9183,13,5,32,37
9184,14,13,48,61
9185,15,10,64,74
9186,16,14,108,122
9187,17,6,270,276
9188,18,7,275,282
9189,19,9,211,220
9190,20,8,161,169
9191,21,8,112,120
9192,22,4,64,68
9193,23,2,35,37
9194,0,6,19,25
9195,1,2,7,9
9196,2,2,6,8
9197,3,0,3,3
9198,4,0,2,2
9199,5,0,26,26
9200,6,1,88,89
9201,7,11,221,232
9202,8,11,479,490
9203,9,11,244,255
9204,10,23,93,116
9205,11,30,123,153
9206,12,25,150,175
9207,13,33,170,203
9208,14,35,138,173
9209,15,52,156,208
9210,16,35,243,278
9211,17,41,474,515
9212,18,32,391,423
9213,19,20,311,331
9214,20,18,211,229
9215,21,18,154,172
9216,22,14,111,125
9217,23,19,80,99
9218,0,6,25,31
9219,1,4,9,13
9220,2,3,3,6
9221,3,0,1,1
9222,4,0,4,4
9223,5,0,33,33
9224,6,1,87,88
9225,7,14,243,257
9226,8,18,495,513
9227,9,18,218,236
9228,10,30,111,141
9229,11,52,105,157
9230,12,46,147,193
9231,13,63,149,212
9232,14,53,107,160
9233,15,30,125,155
9234,16,29,217,246
9235,17,27,443,470
9236,18,24,415,439
9237,19,5,311,316
9238,20,10,225,235
9239,21,19,166,185
9240,22,12,101,113
9241,23,3,63,66
9242,0,3,22,25
9243,1,5,16,21
9244,2,1,6,7
9245,3,1,5,6
9246,4,0,3,3
9247,5,0,28,28
9248,6,0,88,88
9249,7,11,228,239
9250,8,16,514,530
9251,9,18,256,274
9252,10,16,92,108
9253,11,11,100,111
9254,12,29,136,165
9255,13,17,156,173
9256,14,16,112,128
9257,15,22,142,164
9258,16,15,209,224
9259,17,16,397,413
9260,18,12,394,406
9261,19,11,302,313
9262,20,8,216,224
9263,21,8,184,192
9264,22,3,139,142
9265,23,5,86,91
9266,0,6,32,38
9267,1,6,23,29
9268,2,2,11,13
9269,3,3,5,8
9270,4,1,3,4
9271,5,0,24,24
9272,6,0,72,72
9273,7,6,128,134
9274,8,14,206,220
9275,9,6,101,107
9276,10,9,117,126
9277,11,10,95,105
9278,12,25,155,180
9279,13,26,175,201
9280,14,23,153,176
9281,15,27,170,197
9282,16,26,241,267
9283,17,16,406,422
9284,18,20,363,383
9285,19,10,241,251
9286,20,6,153,159
9287,21,8,127,135
9288,22,11,108,119
9289,23,8,78,86
9290,0,1,68,69
9291,1,1,57,58
9292,2,3,38,41
9293,3,1,16,17
9294,4,0,8,8
9295,5,0,10,10
9296,6,3,12,15
9297,7,3,28,31
9298,8,9,82,91
9299,9,13,145,158
9300,10,27,164,191
9301,11,55,241,296
9302,12,70,244,314
9303,13,80,293,373
9304,14,123,239,362
9305,15,90,320,410
9306,16,131,276,407
9307,17,57,233,290
9308,18,40,201,241
9309,19,33,173,206
9310,20,5,115,120
9311,21,18,109,127
9312,22,6,97,103
9313,23,6,79,85
9314,0,15,81,96
9315,1,5,68,73
9316,2,3,48,51
9317,3,4,17,21
9318,4,0,5,5
9319,5,1,6,7
9320,6,1,4,5
9321,7,0,12,12
9322,8,9,61,70
9323,9,13,98,111
9324,10,38,153,191
9325,11,57,198,255
9326,12,73,215,288
9327,13,78,238,316
9328,14,51,229,280
9329,15,68,242,310
9330,16,54,268,322
9331,17,33,201,234
9332,18,17,151,168
9333,19,14,145,159
9334,20,13,98,111
9335,21,0,69,69
9336,22,7,57,64
9337,23,4,21,25
9338,0,0,10,10
9339,1,0,9,9
9340,2,1,6,7
9341,3,0,4,4
9342,4,0,5,5
9343,5,0,26,26
9344,6,0,80,80
9345,7,4,221,225
9346,8,12,481,493
9347,9,5,193,198
9348,10,3,82,85
9349,11,6,93,99
9350,12,5,129,134
9351,13,15,117,132
9352,14,15,100,115
9353,15,7,131,138
9354,16,11,210,221
9355,17,16,422,438
9356,18,11,399,410
9357,19,8,298,306
9358,20,2,179,181
9359,21,3,159,162
9360,22,2,92,94
9361,23,0,52,52
9362,0,0,15,15
9363,1,1,7,8
9364,2,0,2,2
9365,3,0,2,2
9366,4,0,1,1
9367,5,0,22,22
9368,6,0,104,104
9369,7,6,273,279
9370,8,14,498,512
9371,9,30,231,261
9372,10,34,110,144
9373,11,14,125,139
9374,12,13,181,194
9375,13,27,171,198
9376,14,18,142,160
9377,15,27,150,177
9378,16,30,277,307
9379,17,41,518,559
9380,18,16,486,502
9381,19,22,306,328
9382,20,15,223,238
9383,21,3,162,165
9384,22,11,118,129
9385,23,2,61,63
9386,0,0,31,31
9387,1,0,4,4
9388,2,1,6,7
9389,3,0,3,3
9390,4,0,1,1
9391,5,0,18,18
9392,6,0,67,67
9393,7,7,201,208
9394,8,15,505,520
9395,9,9,267,276
9396,10,9,124,133
9397,11,27,116,143
9398,12,26,153,179
9399,13,12,174,186
9400,14,33,159,192
9401,15,25,169,194
9402,16,22,261,283
9403,17,31,508,539
9404,18,12,514,526
9405,19,20,315,335
9406,20,10,254,264
9407,21,16,217,233
9408,22,7,133,140
9409,23,22,75,97
9410,0,7,24,31
9411,1,3,14,17
9412,2,2,7,9
9413,3,0,2,2
9414,4,0,1,1
9415,5,0,19,19
9416,6,1,73,74
9417,7,4,201,205
9418,8,9,436,445
9419,9,15,213,228
9420,10,6,72,78
9421,11,6,99,105
9422,12,8,140,148
9423,13,13,124,137
9424,14,12,129,141
9425,15,24,150,174
9426,16,18,211,229
9427,17,13,437,450
9428,18,17,393,410
9429,19,16,311,327
9430,20,9,204,213
9431,21,4,144,148
9432,22,3,106,109
9433,23,0,61,61
9434,0,1,37,38
9435,1,3,19,22
9436,2,0,6,6
9437,3,0,4,4
9438,4,0,2,2
9439,5,0,17,17
9440,6,0,88,88
9441,7,10,216,226
9442,8,12,429,441
9443,9,18,252,270
9444,10,15,114,129
9445,11,15,149,164
9446,12,25,191,216
9447,13,25,173,198
9448,14,22,148,170
9449,15,48,168,216
9450,16,36,275,311
9451,17,30,458,488
9452,18,17,368,385
9453,19,11,256,267
9454,20,8,155,163
9455,21,8,126,134
9456,22,3,116,119
9457,23,3,74,77
9458,0,10,76,86
9459,1,0,43,43
9460,2,6,38,44
9461,3,1,17,18
9462,4,1,5,6
9463,5,1,3,4
9464,6,1,4,5
9465,7,1,27,28
9466,8,4,86,90
9467,9,16,141,157
9468,10,31,193,224
9469,11,46,224,270
9470,12,40,260,300
9471,13,58,244,302
9472,14,47,229,276
9473,15,61,244,305
9474,16,20,123,143
9475,17,13,54,67
9476,18,6,58,64
9477,19,5,75,80
9478,20,4,73,77
9479,21,4,74,78
9480,22,4,91,95
9481,23,4,66,70
9482,0,3,58,61
9483,1,5,46,51
9484,2,4,59,63
9485,3,4,13,17
9486,4,0,9,9
9487,5,0,4,4
9488,6,0,4,4
9489,7,0,16,16
9490,8,4,58,62
9491,9,9,83,92
9492,10,10,138,148
9493,11,22,160,182
9494,12,25,223,248
9495,13,33,241,274
9496,14,40,203,243
9497,15,55,217,272
9498,16,35,261,296
9499,17,31,275,306
9500,18,10,171,181
9501,19,6,63,69
9502,20,3,47,50
9503,21,6,60,66
9504,22,9,182,191
9505,23,4,38,42
9506,0,7,14,21
9507,1,0,6,6
9508,2,0,3,3
9509,4,0,2,2
9510,5,0,17,17
9511,6,0,72,72
9512,7,5,229,234
9513,8,10,434,444
9514,9,8,269,277
9515,10,20,96,116
9516,11,12,104,116
9517,12,19,131,150
9518,13,17,124,141
9519,14,14,126,140
9520,15,25,146,171
9521,16,13,215,228
9522,17,13,417,430
9523,18,11,426,437
9524,19,7,284,291
9525,20,7,194,201
9526,21,11,143,154
9527,22,4,83,87
9528,23,3,43,46
9529,0,1,22,23
9530,1,8,6,14
9531,2,0,4,4
9532,3,1,1,2
9533,4,0,3,3
9534,5,0,15,15
9535,6,2,98,100
9536,7,6,293,299
9537,8,7,522,529
9538,9,11,278,289
9539,10,12,104,116
9540,11,9,120,129
9541,12,9,163,172
9542,13,15,169,184
9543,14,11,127,138
9544,15,13,133,146
9545,16,19,257,276
9546,17,15,494,509
9547,18,10,508,518
9548,19,11,327,338
9549,20,6,206,212
9550,21,20,170,190
9551,22,11,107,118
9552,23,2,49,51
9553,0,2,21,23
9554,1,1,9,10
9555,2,0,1,1
9556,3,0,1,1
9557,4,0,1,1
9558,5,0,20,20
9559,6,3,95,98
9560,7,5,276,281
9561,8,13,495,508
9562,9,8,245,253
9563,10,1,107,108
9564,11,5,97,102
9565,12,14,124,138
9566,13,15,111,126
9567,14,8,100,108
9568,15,5,49,54
9569,16,2,73,75
9570,17,8,147,155
9571,18,4,163,167
9572,19,3,158,161
9573,20,3,122,125
9574,21,3,126,129
9575,22,3,95,98
9576,23,3,57,60
9577,0,3,23,26
9578,1,2,10,12
9579,2,0,2,2
9580,3,0,4,4
9581,4,0,1,1
9582,5,0,18,18
9583,6,1,75,76
9584,7,4,263,267
9585,8,11,473,484
9586,9,9,229,238
9587,10,7,90,97
9588,11,4,95,99
9589,12,10,148,158
9590,13,10,144,154
9591,14,18,126,144
9592,15,14,120,134
9593,16,15,223,238
9594,17,12,387,399
9595,18,13,404,417
9596,19,8,287,295
9597,20,2,197,199
9598,21,8,169,177
9599,22,3,104,107
9600,23,9,75,84
9601,0,4,39,43
9602,1,2,11,13
9603,2,7,9,16
9604,3,0,5,5
9605,4,0,2,2
9606,5,0,17,17
9607,6,3,61,64
9608,7,5,225,230
9609,8,1,447,448
9610,9,10,265,275
9611,10,5,119,124
9612,11,19,134,153
9613,12,8,168,176
9614,13,22,170,192
9615,14,8,138,146
9616,15,27,164,191
9617,16,28,240,268
9618,17,15,381,396
9619,18,14,345,359
9620,19,16,246,262
9621,20,7,144,151
9622,21,14,108,122
9623,22,11,102,113
9624,23,1,64,65
9625,0,3,50,53
9626,1,2,43,45
9627,2,2,24,26
9628,3,0,9,9
9629,4,0,4,4
9630,5,0,2,2
9631,6,1,8,9
9632,7,0,19,19
9633,8,1,77,78
9634,9,5,85,90
9635,10,23,143,166
9636,11,26,157,183
9637,12,25,196,221
9638,13,18,217,235
9639,14,38,205,243
9640,15,12,112,124
9641,16,12,134,146
9642,17,13,131,144
9643,18,3,105,108
9644,19,2,85,87
9645,20,1,62,63
9646,21,5,43,48
9647,22,0,46,46
9648,23,0,20,20
9649,0,0,21,21
9650,1,0,24,24
9651,2,1,26,27
9652,3,0,14,14
9653,4,0,1,1
9654,5,0,3,3
9655,6,0,2,2
9656,7,0,18,18
9657,8,0,26,26
9658,9,3,60,63
9659,10,8,83,91
9660,11,3,121,124
9661,12,7,133,140
9662,13,10,128,138
9663,14,9,102,111
9664,15,5,150,155
9665,16,16,148,164
9666,17,4,83,87
9667,18,4,92,96
9668,19,2,78,80
9669,20,1,56,57
9670,21,0,36,36
9671,22,0,28,28
9672,23,0,23,23
9673,0,0,9,9
9674,1,0,6,6
9675,2,0,4,4
9676,3,0,1,1
9677,4,0,2,2
9678,5,0,17,17
9679,6,1,71,72
9680,7,1,194,195
9681,8,4,413,417
9682,9,7,198,205
9683,10,1,70,71
9684,11,5,85,90
9685,12,7,111,118
9686,13,11,129,140
9687,14,10,125,135
9688,15,10,145,155
9689,16,5,206,211
9690,17,8,399,407
9691,18,6,399,405
9692,19,7,256,263
9693,20,4,210,214
9694,21,2,145,147
9695,22,3,99,102
9696,23,2,34,36
9697,0,0,14,14
9698,1,0,6,6
9699,2,0,3,3
9700,3,0,3,3
9701,4,0,2,2
9702,5,2,20,22
9703,6,1,89,90
9704,7,4,276,280
9705,8,3,510,513
9706,9,6,256,262
9707,10,8,90,98
9708,11,5,107,112
9709,12,10,162,172
9710,13,6,167,173
9711,14,13,111,124
9712,15,7,138,145
9713,16,15,251,266
9714,17,19,504,523
9715,18,8,398,406
9716,19,11,270,281
9717,20,6,178,184
9718,21,4,105,109
9719,22,5,72,77
9720,23,2,55,57
9721,0,0,22,22
9722,1,0,5,5
9723,2,0,4,4
9724,3,0,3,3
9725,4,0,1,1
9726,5,0,25,25
9727,6,3,92,95
9728,7,3,318,321
9729,8,7,508,515
9730,9,5,226,231
9731,10,12,108,120
9732,11,13,125,138
9733,12,11,152,163
9734,13,11,159,170
9735,14,6,128,134
9736,15,7,164,171
9737,16,9,222,231
9738,17,17,470,487
9739,18,9,459,468
9740,19,9,302,311
9741,20,4,207,211
9742,21,8,170,178
9743,22,3,104,107
9744,23,4,54,58
9745,0,1,22,23
9746,1,0,5,5
9747,2,1,6,7
9748,3,0,1,1
9749,4,0,3,3
9750,5,0,20,20
9751,6,4,83,87
9752,7,3,285,288
9753,8,9,489,498
9754,9,3,199,202
9755,10,2,42,44
9756,11,2,69,71
9757,12,1,44,45
9758,13,2,62,64
9759,14,1,30,31
9760,15,3,50,53
9761,16,8,110,118
9762,17,8,281,289
9763,18,8,345,353
9764,19,4,254,258
9765,20,5,211,216
9766,21,3,142,145
9767,22,3,108,111
9768,23,3,70,73
9769,0,2,32,34
9770,1,2,16,18
9771,2,1,11,12
9772,3,0,1,1
9773,4,0,1,1
9774,5,0,16,16
9775,6,1,70,71
9776,7,4,222,226
9777,8,4,516,520
9778,9,8,275,283
9779,10,13,103,116
9780,11,9,133,142
9781,12,21,177,198
9782,13,34,171,205
9783,14,33,137,170
9784,15,41,180,221
9785,16,56,251,307
9786,17,36,429,465
9787,18,15,362,377
9788,19,16,266,282
9789,20,13,158,171
9790,21,15,114,129
9791,22,15,92,107
9792,23,10,72,82
9793,0,5,81,86
9794,1,7,38,45
9795,2,6,39,45
9796,3,3,15,18
9797,4,3,4,7
9798,5,0,1,1
9799,6,1,8,9
9800,7,8,33,41
9801,8,10,92,102
9802,9,22,116,138
9803,10,48,157,205
9804,11,102,184,286
9805,12,128,241,369
9806,13,165,219,384
9807,14,183,244,427
9808,15,229,270,499
9809,16,186,218,404
9810,17,142,222,364
9811,18,70,176,246
9812,19,38,150,188
9813,20,25,123,148
9814,21,25,89,114
9815,22,17,101,118
9816,23,12,62,74
9817,0,9,65,74
9818,1,10,62,72
9819,2,3,45,48
9820,3,3,12,15
9821,4,0,3,3
9822,5,1,1,2
9823,6,0,5,5
9824,7,2,12,14
9825,8,8,48,56
9826,9,20,73,93
9827,10,49,142,191
9828,11,82,144,226
9829,12,71,184,255
9830,13,64,197,261
9831,14,48,189,237
9832,15,85,168,253
9833,16,62,150,212
9834,17,22,135,157
9835,18,23,144,167
9836,19,18,101,119
9837,20,22,81,103
9838,21,3,33,36
9839,22,8,47,55
9840,23,5,30,35
9841,0,5,36,41
9842,1,3,12,15
9843,2,1,19,20
9844,3,0,8,8
9845,5,0,6,6
9846,6,1,9,10
9847,7,2,42,44
9848,8,9,111,120
9849,9,12,98,110
9850,10,30,113,143
9851,11,45,163,208
9852,12,65,216,281
9853,13,66,246,312
9854,14,57,206,263
9855,15,54,235,289
9856,16,64,216,280
9857,17,27,226,253
9858,18,27,215,242
9859,19,8,164,172
9860,20,9,117,126
9861,21,8,90,98
9862,22,9,53,62
9863,23,0,26,26
9864,0,1,11,12
9865,1,0,7,7
9866,2,0,3,3
9867,4,0,2,2
9868,5,0,15,15
9869,6,3,83,86
9870,7,6,273,279
9871,8,5,459,464
9872,9,6,211,217
9873,10,8,77,85
9874,11,5,81,86
9875,12,16,147,163
9876,13,8,123,131
9877,14,16,108,124
9878,15,23,137,160
9879,16,14,240,254
9880,17,21,411,432
9881,18,11,414,425
9882,19,5,299,304
9883,20,4,223,227
9884,21,7,147,154
9885,22,3,97,100
9886,23,1,46,47
9887,0,5,19,24
9888,1,3,4,7
9889,2,1,5,6
9890,3,1,3,4
9891,4,0,2,2
9892,5,1,29,30
9893,6,5,85,90
9894,7,10,292,302
9895,8,9,567,576
9896,9,11,241,252
9897,10,17,122,139
9898,11,22,149,171
9899,12,21,186,207
9900,13,15,175,190
9901,14,35,142,177
9902,15,34,161,195
9903,16,30,268,298
9904,17,43,486,529
9905,18,42,483,525
9906,19,22,305,327
9907,20,25,249,274
9908,21,19,220,239
9909,22,18,129,147
9910,23,5,57,62
9911,0,12,30,42
9912,1,3,12,15
9913,2,5,4,9
9914,3,2,4,6
9915,4,0,1,1
9916,5,2,30,32
9917,6,3,88,91
9918,7,9,317,326
9919,8,11,549,560
9920,9,14,228,242
9921,10,41,107,148
9922,11,54,128,182
9923,12,25,199,224
9924,13,30,188,218
9925,14,36,156,192
9926,15,46,171,217
9927,16,45,298,343
9928,17,49,561,610
9929,18,36,486,522
9930,19,20,349,369
9931,20,23,246,269
9932,21,17,205,222
9933,22,19,118,137
9934,23,14,71,85
9935,0,12,34,46
9936,1,3,15,18
9937,2,1,4,5
9938,3,0,5,5
9939,4,0,2,2
9940,5,1,25,26
9941,6,2,80,82
9942,7,7,265,272
9943,8,17,452,469
9944,9,15,229,244
9945,10,22,119,141
9946,11,27,136,163
9947,12,27,201,228
9948,13,30,153,183
9949,14,5,26,31
9950,15,11,83,94
9951,16,12,166,178
9952,17,14,242,256
9953,18,11,289,300
9954,19,6,227,233
9955,20,8,159,167
9956,21,1,151,152
9957,22,4,102,106
9958,23,10,76,86
9959,0,5,56,61
9960,1,4,42,46
9961,2,1,37,38
9962,3,0,7,7
9963,4,0,2,2
9964,5,0,3,3
9965,6,1,12,13
9966,7,3,20,23
9967,8,3,90,93
9968,9,15,107,122
9969,10,24,159,183
9970,11,23,187,210
9971,12,41,217,258
9972,13,48,178,226
9973,14,35,181,216
9974,15,21,211,232
9975,16,32,163,195
9976,17,16,143,159
9977,18,7,126,133
9978,19,12,137,149
9979,20,10,95,105
9980,21,5,80,85
9981,22,4,78,82
9982,23,7,84,91
9983,0,7,63,70
9984,1,5,50,55
9985,2,5,37,42
9986,3,0,21,21
9987,4,1,5,6
9988,5,0,5,5
9989,6,0,2,2
9990,7,2,20,22
9991,8,2,57,59
9992,9,11,76,87
9993,10,27,161,188
9994,11,43,184,227
9995,12,49,256,305
9996,13,58,267,325
9997,14,68,263,331
9998,15,72,281,353
9999,16,64,275,339
10000,17,46,241,287
10001,18,17,199,216
10002,19,13,130,143
10003,20,9,79,88
10004,21,8,75,83
10005,22,3,68,71
10006,23,5,59,64
10007,0,2,27,29
10008,1,0,6,6
10009,2,0,4,4
10010,3,0,2,2
10011,4,0,1,1
10012,5,0,16,16
10013,6,1,89,90
10014,7,2,278,280
10015,8,14,514,528
10016,9,11,219,230
10017,10,16,88,104
10018,11,11,92,103
10019,12,13,164,177
10020,13,23,159,182
10021,14,24,134,158
10022,15,24,150,174
10023,16,20,266,286
10024,17,26,503,529
10025,18,10,517,527
10026,19,16,318,334
10027,20,11,208,219
10028,21,14,181,195
10029,22,9,83,92
10030,23,6,50,56
10031,0,0,10,10
10032,1,0,6,6
10033,2,1,2,3
10034,3,0,6,6
10035,4,0,2,2
10036,5,1,20,21
10037,6,1,100,101
10038,7,12,313,325
10039,8,16,543,559
10040,9,7,225,232
10041,10,14,118,132
10042,11,8,155,163
10043,12,19,164,183
10044,13,16,174,190
10045,14,13,121,134
10046,15,17,149,166
10047,16,17,270,287
10048,17,33,497,530
10049,18,17,432,449
10050,19,15,291,306
10051,20,2,202,204
10052,21,10,178,188
10053,22,6,95,101
10054,23,4,61,65
10055,0,2,30,32
10056,1,0,6,6
10057,2,0,4,4
10058,3,0,2,2
10059,5,0,29,29
10060,6,4,100,104
10061,7,11,242,253
10062,8,2,114,116
10063,9,5,33,38
10064,10,0,10,10
10065,11,1,9,10
10066,12,1,69,70
10067,13,4,72,76
10068,14,2,54,56
10069,15,3,87,90
10070,16,5,162,167
10071,17,7,246,253
10072,18,11,181,192
10073,19,0,102,102
10074,20,2,95,97
10075,21,0,39,39
10076,22,2,53,55
10077,23,3,30,33
10078,0,1,10,11
10079,1,0,12,12
10080,2,0,6,6
10081,3,0,3,3
10082,4,0,5,5
10083,5,0,18,18
10084,6,2,107,109
10085,7,8,296,304
10086,8,15,579,594
10087,9,5,281,286
10088,10,11,122,133
10089,11,19,149,168
10090,12,16,204,220
10091,13,24,187,211
10092,14,37,174,211
10093,15,31,192,223
10094,16,38,323,361
10095,17,49,551,600
10096,18,27,498,525
10097,19,11,317,328
10098,20,12,242,254
10099,21,7,190,197
10100,22,3,123,126
10101,23,9,76,85
10102,0,1,45,46
10103,1,2,18,20
10104,2,2,4,6
10105,3,0,3,3
10106,4,0,2,2
10107,5,0,24,24
10108,6,4,88,92
10109,7,4,258,262
10110,8,16,533,549
10111,9,15,299,314
10112,10,14,118,132
10113,11,40,154,194
10114,12,40,194,234
10115,13,31,191,222
10116,14,29,176,205
10117,15,5,73,78
10118,16,1,49,50
10119,17,5,123,128
10120,18,6,154,160
10121,19,12,162,174
10122,20,7,93,100
10123,21,2,99,101
10124,22,6,69,75
10125,23,4,19,23
10126,0,1,21,22
10127,1,0,44,44
10128,2,4,34,38
10129,3,1,20,21
10130,4,0,2,2
10131,5,1,1,2
10132,6,1,6,7
10133,7,2,14,16
10134,8,2,46,48
10135,9,7,87,94
10136,10,31,137,168
10137,11,33,181,214
10138,12,47,252,299
10139,13,87,252,339
10140,14,151,279,430
10141,15,145,254,399
10142,16,167,300,467
10143,17,106,279,385
10144,18,53,250,303
10145,19,34,191,225
10146,20,28,121,149
10147,21,24,130,154
10148,22,19,115,134
10149,23,12,94,106
10150,0,5,67,72
10151,1,16,60,76
10152,2,14,66,80
10153,3,5,21,26
10154,4,3,11,14
10155,5,0,5,5
10156,6,0,5,5
10157,7,2,21,23
10158,8,12,54,66
10159,9,14,104,118
10160,10,31,161,192
10161,11,64,192,256
10162,12,71,256,327
10163,13,108,256,364
10164,14,106,226,332
10165,15,82,252,334
10166,16,68,231,299
10167,17,49,214,263
10168,18,20,164,184
10169,19,12,120,132
10170,20,8,80,88
10171,21,9,70,79
10172,22,9,53,62
10173,23,2,24,26
10174,0,2,15,17
10175,1,3,3,6
10176,2,1,3,4
10177,3,0,1,1
10178,4,0,1,1
10179,5,1,17,18
10180,6,2,89,91
10181,7,7,253,260
10182,8,13,415,428
10183,9,11,186,197
10184,10,12,74,86
10185,11,17,86,103
10186,12,15,122,137
10187,13,11,109,120
10188,14,13,115,128
10189,15,20,110,130
10190,16,30,180,210
10191,17,11,376,387
10192,18,12,363,375
10193,19,6,220,226
10194,20,8,171,179
10195,21,4,116,120
10196,22,2,76,78
10197,23,2,29,31
10198,0,0,8,8
10199,1,0,6,6
10200,2,0,4,4
10201,3,0,1,1
10202,4,0,3,3
10203,5,0,25,25
10204,6,3,99,102
10205,7,5,270,275
10206,8,14,487,501
10207,9,11,222,233
10208,10,16,113,129
10209,11,20,110,130
10210,12,9,129,138
10211,13,16,148,164
10212,14,20,116,136
10213,15,24,142,166
10214,16,22,228,250
10215,17,21,425,446
10216,18,15,442,457
10217,19,9,278,287
10218,20,3,184,187
10219,21,5,143,148
10220,22,5,101,106
10221,23,3,51,54
10222,0,3,12,15
10223,1,1,4,5
10224,2,0,4,4
10225,3,1,2,3
10226,4,0,3,3
10227,5,0,18,18
10228,6,4,104,108
10229,7,12,332,344
10230,8,12,554,566
10231,9,12,252,264
10232,10,20,127,147
10233,11,33,128,161
10234,12,40,175,215
10235,13,26,179,205
10236,14,38,137,175
10237,15,44,165,209
10238,16,34,254,288
10239,17,58,554,612
10240,18,35,509,544
10241,19,16,345,361
10242,20,18,242,260
10243,21,11,177,188
10244,22,10,149,159
10245,23,4,58,62
10246,0,11,35,46
10247,1,4,17,21
10248,2,6,5,11
10249,3,0,3,3
10250,4,0,2,2
10251,5,1,28,29
10252,6,4,105,109
10253,7,8,326,334
10254,8,12,573,585
10255,9,19,282,301
10256,10,19,119,138
10257,11,48,156,204
10258,12,27,224,251
10259,13,35,198,233
10260,14,48,155,203
10261,15,24,161,185
10262,16,37,305,342
10263,17,52,545,597
10264,18,45,545,590
10265,19,21,395,416
10266,20,20,282,302
10267,21,27,206,233
10268,22,12,141,153
10269,23,6,88,94
10270,0,3,51,54
10271,1,4,22,26
10272,2,2,9,11
10273,3,0,7,7
10274,4,0,1,1
10275,5,2,27,29
10276,6,2,83,85
10277,7,6,262,268
10278,8,17,484,501
10279,9,17,267,284
10280,10,14,145,159
10281,11,17,170,187
10282,12,27,174,201
10283,13,49,175,224
10284,14,49,129,178
10285,15,50,188,238
10286,16,51,292,343
10287,17,68,498,566
10288,18,30,440,470
10289,19,12,232,244
10290,20,3,156,159
10291,21,8,133,141
10292,22,7,100,107
10293,23,9,77,86
10294,0,9,68,77
10295,1,1,50,51
10296,2,12,30,42
10297,3,0,16,16
10298,4,1,3,4
10299,5,3,7,10
10300,6,1,11,12
10301,7,4,36,40
10302,8,15,96,111
10303,9,21,127,148
10304,10,47,176,223
10305,11,56,218,274
10306,12,88,241,329
10307,13,89,268,357
10308,14,117,262,379
10309,15,132,274,406
10310,16,115,275,390
10311,17,104,250,354
10312,18,67,230,297
10313,19,25,159,184
10314,20,20,101,121
10315,21,16,94,110
10316,22,19,81,100
10317,23,6,77,83
10318,0,7,62,69
10319,1,4,57,61
10320,3,15,51,66
10321,4,7,15,22
10322,5,2,5,7
10323,6,2,8,10
10324,7,2,15,17
10325,8,4,68,72
10326,9,20,70,90
10327,10,71,147,218
10328,11,90,209,299
10329,12,146,264,410
10330,13,176,288,464
10331,14,212,289,501
10332,15,201,286,487
10333,16,208,301,509
10334,17,199,299,498
10335,18,133,256,389
10336,19,55,203,258
10337,20,42,129,171
10338,21,37,110,147
10339,22,13,81,94
10340,23,12,40,52
10341,0,4,20,24
10342,1,1,9,10
10343,2,4,5,9
10344,3,0,2,2
10345,4,0,3,3
10346,5,1,15,16
10347,6,2,86,88
10348,7,9,259,268
10349,8,17,547,564
10350,9,21,260,281
10351,10,39,98,137
10352,11,39,111,150
10353,12,59,162,221
10354,13,74,176,250
10355,14,76,145,221
10356,15,74,159,233
10357,16,77,255,332
10358,17,87,557,644
10359,18,89,623,712
10360,19,67,379,446
10361,20,49,237,286
10362,21,22,183,205
10363,22,17,116,133
10364,23,10,53,63
10365,0,5,21,26
10366,1,2,14,16
10367,2,0,1,1
10368,3,0,2,2
10369,4,0,1,1
10370,5,0,24,24
10371,6,5,108,113
10372,7,16,292,308
10373,8,22,571,593
10374,9,18,324,342
10375,10,28,115,143
10376,11,64,155,219
10377,12,47,197,244
10378,13,53,180,233
10379,14,52,160,212
10380,15,68,196,264
10381,16,53,312,365
10382,17,62,614,676
10383,18,96,638,734
10384,19,50,429,479
10385,20,45,306,351
10386,21,44,200,244
10387,22,24,146,170
10388,23,8,79,87
10389,0,5,34,39
10390,1,2,25,27
10391,2,0,2,2
10392,3,1,3,4
10393,4,1,4,5
10394,5,2,25,27
10395,6,1,120,121
10396,7,20,348,368
10397,8,34,628,662
10398,9,26,325,351
10399,10,38,150,188
10400,11,65,155,220
10401,12,55,212,267
10402,13,57,197,254
10403,14,61,163,224
10404,15,86,197,283
10405,16,78,278,356
10406,17,140,642,782
10407,18,102,647,749
10408,19,70,402,472
10409,20,44,286,330
10410,21,47,241,288
10411,22,43,159,202
10412,23,19,72,91
10413,0,14,46,60
10414,1,15,8,23
10415,2,14,5,19
10416,3,0,7,7
10417,4,11,3,14
10418,5,2,24,26
10419,6,4,113,117
10420,7,14,367,381
10421,8,21,602,623
10422,9,30,285,315
10423,10,34,130,164
10424,11,60,151,211
10425,12,59,206,265
10426,13,62,211,273
10427,14,81,177,258
10428,15,100,187,287
10429,16,95,331,426
10430,17,79,634,713
10431,18,98,648,746
10432,19,72,353,425
10433,20,60,270,330
10434,21,36,207,243
10435,22,32,137,169
10436,23,12,85,97
10437,0,8,49,57
10438,1,4,22,26
10439,2,0,4,4
10440,3,0,3,3
10441,4,0,3,3
10442,5,2,30,32
10443,6,3,96,99
10444,7,13,265,278
10445,8,28,534,562
10446,9,35,277,312
10447,10,44,136,180
10448,11,40,167,207
10449,12,72,222,294
10450,13,52,208,260
10451,14,56,146,202
10452,15,19,88,107
10453,16,18,111,129
10454,17,23,235,258
10455,18,31,377,408
10456,19,23,273,296
10457,20,31,204,235
10458,21,8,144,152
10459,22,16,132,148
10460,23,22,104,126
10461,0,13,87,100
10462,1,12,57,69
10463,2,10,32,42
10464,3,2,24,26
10465,4,0,2,2
10466,5,5,3,8
10467,6,1,29,30
10468,7,29,57,86
10469,8,63,155,218
10470,9,104,217,321
10471,10,140,303,443
10472,11,226,359,585
10473,12,286,365,651
10474,13,286,400,686
10475,14,352,338,690
10476,15,357,322,679
10477,16,367,318,685
10478,17,291,357,648
10479,18,221,339,560
10480,19,155,262,417
10481,20,89,182,271
10482,21,54,169,223
10483,22,58,153,211
10484,23,34,151,185
10485,0,27,80,107
10486,1,25,88,113
10487,2,15,41,56
10488,3,3,15,18
10489,4,6,8,14
10490,5,0,6,6
10491,6,2,9,11
10492,7,17,25,42
10493,8,25,71,96
10494,9,65,113,178
10495,10,139,212,351
10496,11,129,239,368
10497,12,222,281,503
10498,13,198,346,544
10499,14,218,303,521
10500,15,240,314,554
10501,16,229,312,541
10502,17,233,308,541
10503,18,165,294,459
10504,19,118,234,352
10505,20,59,139,198
10506,21,44,129,173
10507,22,21,79,100
10508,23,7,39,46
10509,0,4,19,23
10510,1,0,15,15
10511,2,1,7,8
10512,3,0,2,2
10513,4,0,3,3
10514,5,0,31,31
10515,6,2,118,120
10516,7,25,329,354
10517,8,16,563,579
10518,9,55,276,331
10519,10,56,128,184
10520,11,56,145,201
10521,12,71,211,282
10522,13,69,194,263
10523,14,60,200,260
10524,15,97,189,286
10525,16,65,320,385
10526,17,106,615,721
10527,18,120,681,801
10528,19,86,463,549
10529,20,34,296,330
10530,21,33,190,223
10531,22,17,131,148
10532,23,9,45,54
10533,0,5,24,29
10534,1,6,9,15
10535,2,2,8,10
10536,3,0,3,3
10537,4,0,6,6
10538,5,0,20,20
10539,6,6,94,100
10540,7,3,167,170
10541,8,28,488,516
10542,9,41,284,325
10543,10,44,119,163
10544,11,74,156,230
10545,12,56,205,261
10546,13,77,207,284
10547,14,66,182,248
10548,15,67,177,244
10549,16,99,332,431
10550,17,108,642,750
10551,18,136,665,801
10552,19,75,480,555
10553,20,78,299,377
10554,21,38,239,277
10555,22,32,156,188
10556,23,10,80,90
10557,0,4,29,33
10558,1,4,22,26
10559,2,2,8,10
10560,3,1,7,8
10561,4,0,4,4
10562,5,4,35,39
10563,6,10,139,149
10564,7,34,338,372
10565,8,33,502,535
10566,9,38,255,293
10567,10,30,124,154
10568,11,38,154,192
10569,12,58,171,229
10570,13,81,222,303
10571,14,74,151,225
10572,15,68,175,243
10573,16,91,287,378
10574,17,113,616,729
10575,18,152,627,779
10576,19,86,496,582
10577,20,76,298,374
10578,21,47,204,251
10579,22,41,156,197
10580,23,37,88,125
10581,0,9,32,41
10582,1,14,16,30
10583,2,1,5,6
10584,3,0,7,7
10585,4,0,6,6
10586,5,2,32,34
10587,6,10,126,136
10588,7,29,332,361
10589,8,51,598,649
10590,9,41,277,318
10591,10,32,110,142
10592,11,53,166,219
10593,12,48,224,272
10594,13,83,215,298
10595,14,96,161,257
10596,15,102,202,304
10597,16,125,300,425
10598,17,154,656,810
10599,18,147,654,801
10600,19,117,469,586
10601,20,64,360,424
10602,21,66,308,374
10603,22,56,164,220
10604,23,34,117,151
10605,0,30,65,95
10606,1,18,32,50
10607,2,12,20,32
10608,3,4,6,10
10609,4,0,3,3
10610,5,5,29,34
10611,6,6,110,116
10612,7,28,318,346
10613,8,47,615,662
10614,9,75,305,380
10615,10,125,150,275
10616,11,131,187,318
10617,12,199,272,471
10618,13,172,256,428
10619,14,208,224,432
10620,15,191,281,472
10621,16,219,370,589
10622,17,264,693,957
10623,18,237,593,830
10624,19,213,473,686
10625,20,117,328,445
10626,21,64,220,284
10627,22,53,218,271
10628,23,51,125,176
10629,0,45,111,156
10630,1,20,108,128
10631,2,14,55,69
10632,3,10,22,32
10633,4,1,6,7
10634,5,0,4,4
10635,6,4,24,28
10636,7,25,45,70
10637,8,41,113,154
10638,9,96,153,249
10639,10,148,197,345
10640,11,98,175,273
10641,12,61,122,183
10642,13,62,134,196
10643,14,63,160,223
10644,15,118,172,290
10645,16,49,128,177
10646,17,47,68,115
10647,18,27,110,137
10648,19,28,105,133
10649,20,31,80,111
10650,21,16,88,104
10651,22,12,71,83
10652,23,17,88,105
10653,0,18,62,80
10654,1,24,65,89
10655,2,6,29,35
10656,3,8,10,18
10657,4,1,7,8
10658,5,0,6,6
10659,6,5,13,18
10660,7,14,25,39
10661,8,21,68,89
10662,9,26,92,118
10663,10,78,172,250
10664,11,106,217,323
10665,12,122,238,360
10666,13,110,257,367
10667,14,123,291,414
10668,15,139,282,421
10669,16,153,339,492
10670,17,146,273,419
10671,18,202,289,491
10672,19,114,261,375
10673,20,63,196,259
10674,21,25,124,149
10675,22,19,92,111
10676,23,9,56,65
10677,0,10,23,33
10678,1,18,10,28
10679,2,14,6,20
10680,3,0,1,1
10681,4,0,4,4
10682,5,0,36,36
10683,6,7,110,117
10684,7,15,355,370
10685,8,32,625,657
10686,9,37,245,282
10687,10,55,98,153
10688,11,47,131,178
10689,12,63,216,279
10690,13,79,222,301
10691,14,58,159,217
10692,15,66,157,223
10693,16,60,245,305
10694,17,65,599,664
10695,18,90,594,684
10696,19,41,417,458
10697,20,12,209,221
10698,21,11,175,186
10699,22,13,80,93
10700,23,2,46,48
10701,0,1,9,10
10702,1,1,4,5
10703,2,1,6,7
10704,3,0,4,4
10705,4,0,3,3
10706,5,1,16,17
10707,6,5,96,101
10708,7,9,277,286
10709,8,14,567,581
10710,9,8,259,267
10711,10,20,118,138
10712,11,34,141,175
10713,12,34,186,220
10714,13,46,165,211
10715,14,37,147,184
10716,15,42,158,200
10717,16,38,267,305
10718,17,72,542,614
10719,18,67,577,644
10720,19,40,377,417
10721,20,28,266,294
10722,21,21,200,221
10723,22,7,127,134
10724,23,5,59,64
10725,0,1,29,30
10726,1,0,8,8
10727,2,0,3,3
10728,3,1,4,5
10729,4,1,0,1
10730,5,2,38,40
10731,6,4,111,115
10732,7,10,348,358
10733,8,19,639,658
10734,9,16,298,314
10735,10,33,140,173
10736,11,54,168,222
10737,12,50,218,268
10738,13,60,213,273
10739,14,52,169,221
10740,15,47,152,199
10741,16,51,170,221
10742,17,72,532,604
10743,18,61,580,641
10744,19,41,415,456
10745,20,38,324,362
10746,21,28,233,261
10747,22,21,151,172
10748,23,12,81,93
10749,0,10,38,48
10750,1,15,18,33
10751,2,0,6,6
10752,3,1,4,5
10753,4,1,8,9
10754,5,2,30,32
10755,6,3,114,117
10756,7,14,353,367
10757,8,26,628,654
10758,9,22,299,321
10759,10,42,124,166
10760,11,54,166,220
10761,12,64,228,292
10762,13,50,223,273
10763,14,63,175,238
10764,15,109,198,307
10765,16,67,321,388
10766,17,83,620,703
10767,18,83,598,681
10768,19,47,421,468
10769,20,34,301,335
10770,21,10,214,224
10771,22,17,135,152
10772,23,17,77,94
10773,0,10,49,59
10774,1,6,21,27
10775,2,1,6,7
10776,3,0,7,7
10777,4,1,1,2
10778,5,0,26,26
10779,6,5,81,86
10780,7,9,280,289
10781,8,38,555,593
10782,9,29,292,321
10783,10,50,137,187
10784,11,48,153,201
10785,12,62,208,270
10786,13,44,198,242
10787,14,56,173,229
10788,15,73,207,280
10789,16,75,292,367
10790,17,93,513,606
10791,18,68,492,560
10792,19,42,353,395
10793,20,17,192,209
10794,21,30,190,220
10795,22,23,130,153
10796,23,16,107,123
10797,0,12,80,92
10798,1,17,65,82
10799,2,14,55,69
10800,3,10,21,31
10801,4,4,4,8
10802,5,0,5,5
10803,6,7,16,23
10804,7,5,39,44
10805,8,19,126,145
10806,9,62,161,223
10807,10,108,205,313
10808,11,184,279,463
10809,12,263,358,621
10810,13,265,373,638
10811,14,240,311,551
10812,15,275,330,605
10813,16,243,292,535
10814,17,238,305,543
10815,18,102,239,341
10816,19,93,191,284
10817,20,52,156,208
10818,21,36,107,143
10819,22,40,116,156
10820,23,12,100,112
10821,0,8,59,67
10822,1,13,49,62
10823,2,20,61,81
10824,3,4,21,25
10825,4,3,9,12
10826,5,8,10,18
10827,6,9,88,97
10828,7,29,55,84
10829,8,37,88,125
10830,9,102,173,275
10831,10,132,228,360
10832,11,180,271,451
10833,12,187,258,445
10834,13,190,274,464
10835,14,283,278,561
10836,15,295,278,573
10837,16,236,275,511
10838,17,232,323,555
10839,18,153,279,432
10840,19,110,236,346
10841,20,66,166,232
10842,21,33,101,134
10843,22,7,61,68
10844,23,10,53,63
10845,0,6,11,17
10846,1,0,5,5
10847,2,2,3,5
10848,4,2,2,4
10849,5,2,22,24
10850,6,6,104,110
10851,7,12,294,306
10852,8,36,553,589
10853,9,52,265,317
10854,10,85,119,204
10855,11,81,128,209
10856,12,100,181,281
10857,13,97,184,281
10858,14,127,141,268
10859,15,132,192,324
10860,16,104,291,395
10861,17,128,601,729
10862,18,75,543,618
10863,19,66,428,494
10864,20,48,281,329
10865,21,24,214,238
10866,22,17,106,123
10867,23,6,60,66
10868,0,1,32,33
10869,1,0,11,11
10870,2,0,5,5
10871,3,0,3,3
10872,4,0,1,1
10873,5,2,25,27
10874,6,2,98,100
10875,7,14,327,341
10876,8,27,577,604
10877,9,54,354,408
10878,10,77,142,219
10879,11,91,167,258
10880,12,101,230,331
10881,13,120,225,345
10882,14,120,191,311
10883,15,109,207,316
10884,16,145,340,485
10885,17,123,634,757
10886,18,139,661,800
10887,19,98,460,558
10888,20,54,325,379
10889,21,33,210,243
10890,22,25,133,158
10891,23,13,66,79
10892,0,18,23,41
10893,1,0,11,11
10894,2,0,5,5
10895,3,0,3,3
10896,4,0,1,1
10897,5,0,27,27
10898,6,6,120,126
10899,7,12,354,366
10900,8,31,653,684
10901,9,47,316,363
10902,10,68,99,167
10903,11,61,152,213
10904,12,73,210,283
10905,13,70,181,251
10906,14,82,176,258
10907,15,86,182,268
10908,16,86,304,390
10909,17,99,645,744
10910,18,113,646,759
10911,19,75,419,494
10912,20,39,333,372
10913,21,43,255,298
10914,22,30,151,181
10915,23,19,112,131
10916,0,12,33,45
10917,1,4,9,13
10918,2,7,11,18
10919,3,0,5,5
10920,4,0,1,1
10921,5,1,28,29
10922,6,8,118,126
10923,7,15,339,354
10924,8,28,610,638
10925,9,61,290,351
10926,10,88,158,246
10927,11,109,159,268
10928,12,66,210,276
10929,13,89,202,291
10930,14,143,144,287
10931,15,98,171,269
10932,16,84,318,402
10933,17,145,677,822
10934,18,80,618,698
10935,19,64,423,487
10936,20,33,279,312
10937,21,25,209,234
10938,22,20,129,149
10939,23,12,124,136
10940,0,12,49,61
10941,1,10,28,38
10942,2,6,5,11
10943,3,3,5,8
10944,4,2,3,5
10945,5,0,23,23
10946,6,0,80,80
10947,7,15,231,246
10948,8,19,489,508
10949,9,58,318,376
10950,10,81,157,238
10951,11,112,179,291
10952,12,113,224,337
10953,13,173,238,411
10954,14,240,250,490
10955,15,218,319,537
10956,16,184,352,536
10957,17,172,483,655
10958,18,104,380,484
10959,19,115,297,412
10960,20,61,191,252
10961,21,54,136,190
10962,22,34,124,158
10963,23,21,92,113
10964,0,9,85,94
10965,1,9,60,69
10966,2,11,25,36
10967,3,7,21,28
10968,4,3,4,7
10969,5,0,2,2
10970,6,1,18,19
10971,7,14,40,54
10972,8,29,94,123
10973,9,103,173,276
10974,10,187,176,363
10975,11,251,244,495
10976,12,320,270,590
10977,13,355,288,643
10978,14,326,252,578
10979,15,321,305,626
10980,16,354,261,615
10981,17,299,268,567
10982,18,227,290,517
10983,19,170,243,413
10984,20,73,135,208
10985,21,75,159,234
10986,22,76,106,182
10987,23,32,86,118
10988,0,21,64,85
10989,1,14,50,64
10990,2,7,25,32
10991,3,8,18,26
10992,4,0,7,7
10993,5,4,8,12
10994,6,7,21,28
10995,7,12,25,37
10996,8,19,65,84
10997,9,71,108,179
10998,10,113,186,299
10999,11,195,209,404
11000,12,198,259,457
11001,13,229,254,483
11002,14,254,249,503
11003,15,260,226,486
11004,16,232,244,476
11005,17,185,226,411
11006,18,151,159,310
11007,19,89,187,276
11008,20,65,146,211
11009,21,53,77,130
11010,22,33,85,118
11011,23,10,41,51
11012,0,8,29,37
11013,1,4,12,16
11014,2,2,4,6
11015,3,0,3,3
11016,4,2,3,5
11017,5,2,30,32
11018,6,3,108,111
11019,7,11,320,331
11020,8,22,595,617
11021,9,50,236,286
11022,10,65,113,178
11023,11,96,127,223
11024,12,94,186,280
11025,13,108,173,281
11026,14,66,152,218
11027,15,82,173,255
11028,16,81,310,391
11029,17,67,565,632
11030,18,60,586,646
11031,19,35,386,421
11032,20,21,255,276
11033,21,14,151,165
11034,22,6,102,108
11035,23,6,61,67
11036,0,3,23,26
11037,1,0,9,9
11038,2,0,2,2
11039,3,0,2,2
11040,4,0,2,2
11041,5,0,24,24
11042,6,3,100,103
11043,7,16,368,384
11044,8,22,670,692
11045,9,16,303,319
11046,10,49,132,181
11047,11,78,161,239
11048,12,75,184,259
11049,13,81,202,283
11050,14,75,149,224
11051,15,46,157,203
11052,16,66,296,362
11053,17,88,656,744
11054,18,78,626,704
11055,19,51,428,479
11056,20,34,248,282
11057,21,15,191,206
11058,22,9,118,127
11059,23,14,48,62
11060,0,8,22,30
11061,1,3,9,12
11062,2,0,2,2
11063,3,0,2,2
11064,5,1,26,27
11065,6,3,103,106
11066,7,18,303,321
11067,8,14,581,595
11068,9,20,282,302
11069,10,26,127,153
11070,11,38,142,180
11071,12,35,147,182
11072,13,16,147,163
11073,14,34,101,135
11074,15,50,152,202
11075,16,51,256,307
11076,17,52,527,579
11077,18,39,546,585
11078,19,28,356,384
11079,20,22,213,235
11080,21,11,154,165
11081,22,4,130,134
11082,23,9,52,61
11083,0,1,22,23
11084,1,2,7,9
11085,2,0,4,4
11086,3,2,3,5
11087,4,0,1,1
11088,5,0,21,21
11089,6,2,94,96
11090,7,12,294,306
11091,8,20,604,624
11092,9,16,271,287
11093,10,38,103,141
11094,11,50,174,224
11095,12,60,199,259
11096,13,55,148,203
11097,14,74,150,224
11098,15,42,169,211
11099,16,54,299,353
11100,17,60,596,656
11101,18,63,547,610
11102,19,50,383,433
11103,20,26,254,280
11104,21,13,174,187
11105,22,15,143,158
11106,23,8,86,94
11107,0,14,41,55
11108,1,2,28,30
11109,2,6,5,11
11110,3,3,8,11
11111,4,1,4,5
11112,5,2,19,21
11113,6,0,84,84
11114,7,13,283,296
11115,8,24,539,563
11116,9,36,294,330
11117,10,59,133,192
11118,11,75,158,233
11119,12,104,218,322
11120,13,112,246,358
11121,14,125,223,348
11122,15,115,237,352
11123,16,113,350,463
11124,17,117,621,738
11125,18,107,564,671
11126,19,75,352,427
11127,20,44,242,286
11128,21,36,153,189
11129,22,34,181,215
11130,23,35,163,198
11131,0,11,85,96
11132,1,10,60,70
11133,2,3,53,56
11134,3,6,26,32
11135,4,5,9,14
11136,5,2,5,7
11137,6,2,19,21
11138,7,8,56,64
11139,8,24,136,160
11140,9,59,206,265
11141,10,139,267,406
11142,11,207,357,564
11143,12,274,404,678
11144,13,308,370,678
11145,14,288,372,660
11146,15,311,347,658
11147,16,253,329,582
11148,17,251,309,560
11149,18,197,284,481
11150,19,163,296,459
11151,20,112,209,321
11152,21,53,167,220
11153,22,64,148,212
11154,23,45,151,196
11155,0,30,94,124
11156,1,17,89,106
11157,2,20,54,74
11158,3,18,27,45
11159,4,2,10,12
11160,5,4,6,10
11161,6,5,11,16
11162,7,16,30,46
11163,8,33,64,97
11164,9,97,154,251
11165,10,186,235,421
11166,11,227,301,528
11167,12,275,360,635
11168,13,298,383,681
11169,14,282,346,628
11170,15,266,351,617
11171,16,286,330,616
11172,17,262,361,623
11173,18,184,295,479
11174,19,114,265,379
11175,20,86,205,291
11176,21,76,153,229
11177,22,37,97,134
11178,23,25,65,90
11179,0,15,26,41
11180,1,7,21,28
11181,2,5,9,14
11182,3,3,5,8
11183,4,0,6,6
11184,5,4,34,38
11185,6,10,123,133
11186,7,20,367,387
11187,8,48,549,597
11188,9,59,238,297
11189,10,75,149,224
11190,11,115,136,251
11191,12,75,196,271
11192,13,79,184,263
11193,14,105,183,288
11194,15,81,194,275
11195,16,92,266,358
11196,17,111,601,712
11197,18,87,589,676
11198,19,61,461,522
11199,20,48,327,375
11200,21,39,232,271
11201,22,35,179,214
11202,23,24,97,121
11203,0,10,33,43
11204,1,6,5,11
11205,2,1,3,4
11206,3,0,6,6
11207,4,3,6,9
11208,5,1,29,30
11209,6,8,136,144
11210,7,18,443,461
11211,8,42,631,673
11212,9,71,329,400
11213,10,52,165,217
11214,11,65,174,239
11215,12,65,179,244
11216,13,52,187,239
11217,14,59,198,257
11218,15,91,217,308
11219,16,50,320,370
11220,17,108,673,781
11221,18,105,670,775
11222,19,73,464,537
11223,20,44,358,402
11224,21,37,260,297
11225,22,18,144,162
11226,23,10,72,82
11227,0,3,35,38
11228,1,1,13,14
11229,2,1,8,9
11230,3,0,6,6
11231,4,0,7,7
11232,5,0,34,34
11233,6,6,128,134
11234,7,10,408,418
11235,8,25,551,576
11236,9,20,245,265
11237,10,31,116,147
11238,11,14,105,119
11239,12,15,95,110
11240,13,13,51,64
11241,14,8,43,51
11242,15,10,88,98
11243,16,36,199,235
11244,17,46,442,488
11245,18,27,478,505
11246,19,26,342,368
11247,20,8,252,260
11248,21,24,165,189
11249,22,9,153,162
11250,23,14,56,70
11251,0,5,20,25
11252,1,2,11,13
11253,2,2,4,6
11254,3,1,3,4
11255,4,0,4,4
11256,5,0,30,30
11257,6,4,116,120
11258,7,15,391,406
11259,8,26,651,677
11260,9,31,270,301
11261,10,46,143,189
11262,11,46,183,229
11263,12,51,213,264
11264,13,52,186,238
11265,14,54,183,237
11266,15,66,196,262
11267,16,63,324,387
11268,17,85,663,748
11269,18,99,677,776
11270,19,70,516,586
11271,20,52,352,404
11272,21,27,240,267
11273,22,29,219,248
11274,23,20,124,144
11275,0,5,59,64
11276,1,3,22,25
11277,2,3,18,21
11278,3,1,9,10
11279,4,0,3,3
11280,5,1,24,25
11281,6,8,105,113
11282,7,9,350,359
11283,8,32,668,700
11284,9,30,329,359
11285,10,67,170,237
11286,11,64,190,254
11287,12,102,260,362
11288,13,105,276,381
11289,14,156,238,394
11290,15,145,262,407
11291,16,151,429,580
11292,17,122,697,819
11293,18,110,558,668
11294,19,82,410,492
11295,20,52,289,341
11296,21,35,252,287
11297,22,26,176,202
11298,23,31,156,187
11299,0,31,111,142
11300,1,24,64,88
11301,2,12,69,81
11302,3,4,25,29
11303,4,0,9,9
11304,5,0,1,1
11305,6,10,21,31
11306,7,21,55,76
11307,8,52,149,201
11308,9,115,216,331
11309,10,183,299,482
11310,11,260,348,608
11311,12,262,378,640
11312,13,291,358,649
11313,14,278,331,609
11314,15,267,361,628
11315,16,267,372,639
11316,17,259,309,568
11317,18,133,283,416
11318,19,9,45,54
11319,20,5,34,39
11320,21,20,82,102
11321,22,20,90,110
11322,23,18,73,91
11323,0,32,85,117
11324,1,10,63,73
11325,2,7,49,56
11326,3,7,33,40
11327,4,0,7,7
11328,5,0,6,6
11329,6,6,6,12
11330,7,2,22,24
11331,8,8,43,51
11332,9,8,71,79
11333,10,11,57,68
11334,11,7,70,77
11335,12,5,56,61
11336,13,5,47,52
11337,14,3,50,53
11338,15,0,38,38
11339,16,4,32,36
11340,17,2,25,27
11341,18,1,38,39
11342,19,1,34,35
11343,20,1,34,35
11344,21,0,11,11
11345,22,0,13,13
11346,23,0,17,17
11347,0,0,6,6
11348,1,1,1,2
11349,2,1,3,4
11350,3,0,1,1
11351,4,0,3,3
11352,5,0,14,14
11353,6,2,43,45
11354,7,1,206,207
11355,8,11,471,482
11356,9,17,255,272
11357,10,12,88,100
11358,11,10,91,101
11359,12,12,117,129
11360,13,9,98,107
11361,14,12,102,114
11362,15,11,101,112
11363,16,10,93,103
11364,17,13,219,232
11365,18,10,369,379
11366,19,11,287,298
11367,20,17,186,203
11368,21,7,145,152
11369,22,18,71,89
11370,23,10,49,59
11371,0,0,13,13
11372,1,1,6,7
11373,2,0,3,3
11374,3,0,2,2
11375,4,0,3,3
11376,5,0,22,22
11377,6,3,117,120
11378,7,3,387,390
11379,8,12,599,611
11380,9,6,302,308
11381,10,33,129,162
11382,11,27,157,184
11383,12,36,188,224
11384,13,35,189,224
11385,14,50,166,216
11386,15,60,176,236
11387,16,54,308,362
11388,17,72,619,691
11389,18,52,580,632
11390,19,33,449,482
11391,20,16,269,285
11392,21,13,213,226
11393,22,8,149,157
11394,23,4,69,73
11395,0,13,23,36
11396,1,8,17,25
11397,2,1,6,7
11398,3,0,3,3
11399,4,0,6,6
11400,5,0,24,24
11401,6,3,103,106
11402,7,13,376,389
11403,8,20,634,654
11404,9,33,288,321
11405,10,44,138,182
11406,11,42,177,219
11407,12,49,220,269
11408,13,35,193,228
11409,14,47,176,223
11410,15,47,182,229
11411,16,49,327,376
11412,17,68,664,732
11413,18,60,649,709
11414,19,42,501,543
11415,20,22,358,380
11416,21,27,212,239
11417,22,22,170,192
11418,23,10,94,104
11419,0,1,42,43
11420,1,1,22,23
11421,2,3,10,13
11422,3,1,5,6
11423,4,1,2,3
11424,5,0,17,17
11425,6,5,122,127
11426,7,3,222,225
11427,8,4,358,362
11428,9,12,189,201
11429,10,14,125,139
11430,11,16,135,151
11431,12,24,180,204
11432,13,19,178,197
11433,14,37,132,169
11434,15,39,165,204
11435,16,37,281,318
11436,17,49,565,614
11437,18,75,589,664
11438,19,57,407,464
11439,20,23,314,337
11440,21,28,222,250
11441,22,20,163,183
11442,23,6,106,112
11443,0,12,61,73
11444,1,3,32,35
11445,2,4,18,22
11446,3,1,2,3
11447,4,0,6,6
11448,5,0,19,19
11449,6,5,115,120
11450,7,10,305,315
11451,8,17,575,592
11452,9,42,292,334
11453,10,64,172,236
11454,11,47,186,233
11455,12,63,244,307
11456,13,94,212,306
11457,14,94,206,300
11458,15,101,223,324
11459,16,105,335,440
11460,17,89,613,702
11461,18,94,560,654
11462,19,62,379,441
11463,20,49,240,289
11464,21,23,185,208
11465,22,24,134,158
11466,23,11,105,116
11467,0,4,99,103
11468,1,7,60,67
11469,2,8,49,57
11470,3,3,23,26
11471,4,0,2,2
11472,5,2,3,5
11473,6,10,18,28
11474,7,10,45,55
11475,8,24,134,158
11476,9,45,169,214
11477,10,60,231,291
11478,11,96,262,358
11479,12,105,276,381
11480,13,120,269,389
11481,14,147,293,440
11482,15,148,260,408
11483,16,132,244,376
11484,17,98,224,322
11485,18,17,73,90
11486,19,29,110,139
11487,20,21,81,102
11488,21,12,72,84
11489,22,17,66,83
11490,23,5,37,42
11491,0,0,36,36
11492,1,5,37,42
11493,2,4,36,40
11494,3,2,14,16
11495,4,0,4,4
11496,5,0,6,6
11497,6,1,6,7
11498,7,7,20,27
11499,8,26,81,107
11500,9,52,133,185
11501,10,127,253,380
11502,11,128,283,411
11503,12,223,361,584
11504,13,226,369,595
11505,14,281,372,653
11506,15,279,324,603
11507,16,240,347,587
11508,17,188,334,522
11509,18,164,323,487
11510,19,128,247,375
11511,20,45,198,243
11512,21,65,139,204
11513,22,23,85,108
11514,23,15,67,82
11515,0,12,36,48
11516,1,9,15,24
11517,2,3,5,8
11518,3,0,4,4
11519,4,0,2,2
11520,5,1,19,20
11521,6,2,121,123
11522,7,6,343,349
11523,8,17,579,596
11524,9,29,239,268
11525,10,41,116,157
11526,11,52,111,163
11527,12,45,180,225
11528,13,48,199,247
11529,14,56,162,218
11530,15,55,176,231
11531,16,44,303,347
11532,17,66,617,683
11533,18,53,611,664
11534,19,51,420,471
11535,20,28,281,309
11536,21,26,195,221
11537,22,11,123,134
11538,23,10,50,60
11539,0,7,28,35
11540,1,0,21,21
11541,2,1,7,8
11542,3,1,2,3
11543,4,1,7,8
11544,5,0,17,17
11545,6,2,24,26
11546,7,8,161,169
11547,8,19,538,557
11548,9,18,331,349
11549,10,30,144,174
11550,11,50,179,229
11551,12,41,228,269
11552,13,41,208,249
11553,14,37,167,204
11554,15,48,186,234
11555,16,41,313,354
11556,17,65,616,681
11557,18,81,662,743
11558,19,58,429,487
11559,20,36,299,335
11560,21,31,251,282
11561,22,21,190,211
11562,23,16,79,95
11563,0,4,43,47
11564,1,8,7,15
11565,2,7,9,16
11566,3,0,6,6
11567,4,2,2,4
11568,5,2,31,33
11569,6,3,117,120
11570,7,14,344,358
11571,8,26,640,666
11572,9,26,289,315
11573,10,28,147,175
11574,11,39,145,184
11575,12,35,210,245
11576,13,49,179,228
11577,14,51,189,240
11578,15,52,204,256
11579,16,54,313,367
11580,17,70,659,729
11581,18,43,770,813
11582,19,43,461,504
11583,20,42,296,338
11584,21,21,218,239
11585,22,27,146,173
11586,23,21,77,98
11587,0,15,75,90
11588,1,9,15,24
11589,2,4,13,17
11590,3,2,4,6
11591,4,0,2,2
11592,5,1,20,21
11593,6,8,128,136
11594,7,8,376,384
11595,8,19,608,627
11596,9,25,279,304
11597,10,36,132,168
11598,11,34,167,201
11599,12,64,237,301
11600,13,48,217,265
11601,14,33,171,204
11602,15,63,220,283
11603,16,45,325,370
11604,17,87,617,704
11605,18,64,642,706
11606,19,55,467,522
11607,20,52,368,420
11608,21,42,257,299
11609,22,29,217,246
11610,23,21,100,121
11611,0,19,70,89
11612,1,15,33,48
11613,2,0,11,11
11614,3,0,14,14
11615,4,0,4,4
11616,5,0,24,24
11617,6,8,127,135
11618,7,9,347,356
11619,8,34,584,618
11620,9,32,262,294
11621,10,45,154,199
11622,11,77,181,258
11623,12,46,125,171
11624,13,71,207,278
11625,14,83,159,242
11626,15,103,240,343
11627,16,82,358,440
11628,17,96,547,643
11629,18,77,564,641
11630,19,64,388,452
11631,20,58,255,313
11632,21,49,186,235
11633,22,50,182,232
11634,23,51,205,256
11635,0,42,111,153
11636,1,28,79,107
11637,2,24,51,75
11638,3,11,21,32
11639,4,0,9,9
11640,5,8,14,22
11641,6,9,33,42
11642,7,8,79,87
11643,8,42,155,197
11644,9,61,223,284
11645,10,148,284,432
11646,11,221,354,575
11647,12,220,330,550
11648,13,217,307,524
11649,14,187,241,428
11650,15,241,300,541
11651,16,230,310,540
11652,17,204,298,502
11653,18,156,278,434
11654,19,151,254,405
11655,20,100,209,309
11656,21,86,183,269
11657,22,67,150,217
11658,23,35,114,149
11659,0,23,111,134
11660,1,37,84,121
11661,2,29,64,93
11662,3,9,19,28
11663,4,9,7,16
11664,5,1,10,11
11665,6,3,14,17
11666,7,5,31,36
11667,8,23,91,114
11668,9,63,128,191
11669,10,112,221,333
11670,11,144,270,414
11671,12,207,351,558
11672,13,197,368,565
11673,14,226,292,518
11674,15,229,342,571
11675,16,181,363,544
11676,17,195,316,511
11677,18,131,332,463
11678,19,117,266,383
11679,20,73,203,276
11680,21,55,148,203
11681,22,44,113,157
11682,23,22,80,102
11683,0,13,21,34
11684,1,1,8,9
11685,2,1,5,6
11686,3,2,3,5
11687,4,0,2,2
11688,5,2,21,23
11689,6,8,134,142
11690,7,18,367,385
11691,8,31,608,639
11692,9,61,289,350
11693,10,62,128,190
11694,11,64,149,213
11695,12,74,189,263
11696,13,75,197,272
11697,14,59,180,239
11698,15,76,186,262
11699,16,68,320,388
11700,17,102,667,769
11701,18,78,602,680
11702,19,83,463,546
11703,20,46,277,323
11704,21,37,210,247
11705,22,26,147,173
11706,23,21,92,113
11707,0,10,28,38
11708,1,6,3,9
11709,2,9,7,16
11710,3,2,4,6
11711,4,0,5,5
11712,5,0,20,20
11713,6,7,158,165
11714,7,21,442,463
11715,8,36,605,641
11716,9,37,258,295
11717,10,46,111,157
11718,11,60,157,217
11719,12,60,203,263
11720,13,53,166,219
11721,14,8,63,71
11722,15,40,94,134
11723,16,54,335,389
11724,17,77,640,717
11725,18,69,641,710
11726,19,59,399,458
11727,20,40,262,302
11728,21,21,202,223
11729,22,13,134,147
11730,23,10,53,63
11731,0,8,27,35
11732,1,3,11,14
11733,2,0,1,1
11734,3,0,2,2
11735,4,0,5,5
11736,5,1,27,28
11737,6,5,121,126
11738,7,17,401,418
11739,8,28,594,622
11740,9,40,285,325
11741,10,40,113,153
11742,11,45,156,201
11743,12,58,222,280
11744,13,50,216,266
11745,14,68,175,243
11746,15,68,191,259
11747,16,68,289,357
11748,17,76,629,705
11749,18,23,349,372
11750,19,2,96,98
11751,20,3,48,51
11752,21,4,30,34
11753,22,5,62,67
11754,23,8,47,55
11755,0,2,31,33
11756,1,2,9,11
11757,2,0,3,3
11758,3,0,3,3
11759,4,0,2,2
11760,5,1,23,24
11761,6,9,130,139
11762,7,8,393,401
11763,8,27,603,630
11764,9,62,299,361
11765,10,42,112,154
11766,11,77,179,256
11767,12,65,207,272
11768,13,90,228,318
11769,14,61,186,247
11770,15,79,192,271
11771,16,87,334,421
11772,17,84,648,732
11773,18,109,661,770
11774,19,84,469,553
11775,20,59,315,374
11776,21,19,211,230
11777,22,36,196,232
11778,23,23,112,135
11779,0,17,47,64
11780,1,14,32,46
11781,2,15,16,31
11782,3,5,8,13
11783,4,3,6,9
11784,5,3,23,26
11785,6,7,128,135
11786,7,6,345,351
11787,8,41,579,620
11788,9,34,288,322
11789,10,69,141,210
11790,11,88,203,291
11791,12,89,259,348
11792,13,100,263,363
11793,14,116,218,334
11794,15,140,299,439
11795,16,128,397,525
11796,17,102,677,779
11797,18,78,518,596
11798,19,73,430,503
11799,20,64,277,341
11800,21,45,225,270
11801,22,44,190,234
11802,23,38,142,180
11803,0,25,111,136
11804,1,14,79,93
11805,2,10,46,56
11806,3,14,20,34
11807,4,3,6,9
11808,5,5,8,13
11809,6,10,23,33
11810,7,10,57,67
11811,8,22,156,178
11812,9,87,248,335
11813,10,132,279,411
11814,11,157,365,522
11815,12,206,353,559
11816,13,293,366,659
11817,14,257,358,615
11818,15,269,321,590
11819,16,254,337,591
11820,17,233,343,576
11821,18,164,382,546
11822,19,166,273,439
11823,20,113,174,287
11824,21,74,156,230
11825,22,62,212,274
11826,23,42,134,176
11827,0,19,79,98
11828,1,22,72,94
11829,2,22,60,82
11830,3,2,26,28
11831,4,2,7,9
11832,5,4,8,12
11833,6,6,15,21
11834,7,18,42,60
11835,8,32,124,156
11836,9,79,143,222
11837,10,128,222,350
11838,11,150,278,428
11839,12,189,342,531
11840,13,255,347,602
11841,14,228,324,552
11842,15,190,309,499
11843,16,225,339,564
11844,17,191,287,478
11845,18,129,260,389
11846,19,107,232,339
11847,20,67,163,230
11848,21,48,121,169
11849,22,42,89,131
11850,23,17,57,74
11851,0,21,14,35
11852,1,5,6,11
11853,2,1,1,2
11854,3,0,2,2
11855,4,3,3,6
11856,5,1,25,26
11857,6,3,62,65
11858,7,3,72,75
11859,8,1,155,156
11860,9,5,105,110
11861,10,6,53,59
11862,11,12,67,79
11863,12,53,132,185
11864,13,33,143,176
11865,14,43,128,171
11866,15,40,156,196
11867,16,20,91,111
11868,17,25,204,229
11869,18,17,283,300
11870,19,10,294,304
11871,20,11,178,189
11872,21,7,145,152
11873,22,11,118,129
11874,23,11,64,75
11875,0,7,25,32
11876,1,5,14,19
11877,2,1,3,4
11878,3,1,5,6
11879,4,1,4,5
11880,5,0,8,8
11881,6,2,22,24
11882,7,1,91,92
11883,8,8,401,409
11884,9,28,327,355
11885,10,27,144,171
11886,11,38,186,224
11887,12,44,220,264
11888,13,35,204,239
11889,14,39,145,184
11890,15,51,205,256
11891,16,74,300,374
11892,17,75,603,678
11893,18,68,665,733
11894,19,57,455,512
11895,20,30,233,263
11896,21,11,98,109
11897,22,9,74,83
11898,23,13,58,71
11899,0,12,27,39
11900,1,7,14,21
11901,2,5,14,19
11902,3,1,5,6
11903,4,1,3,4
11904,5,4,34,38
11905,6,8,150,158
11906,7,14,426,440
11907,8,33,617,650
11908,9,33,314,347
11909,10,43,149,192
11910,11,55,212,267
11911,12,59,271,330
11912,13,77,273,350
11913,14,42,221,263
11914,15,52,222,274
11915,16,70,376,446
11916,17,104,769,873
11917,18,97,749,846
11918,19,91,499,590
11919,20,61,398,459
11920,21,63,330,393
11921,22,33,253,286
11922,23,26,107,133
11923,0,30,49,79
11924,1,12,16,28
11925,2,8,8,16
11926,3,0,3,3
11927,4,3,13,16
11928,5,1,34,35
11929,6,10,149,159
11930,7,25,449,474
11931,8,29,605,634
11932,9,57,289,346
11933,10,43,162,205
11934,11,77,202,279
11935,12,72,276,348
11936,13,86,241,327
11937,14,68,202,270
11938,15,83,233,316
11939,16,86,344,430
11940,17,133,719,852
11941,18,134,734,868
11942,19,86,451,537
11943,20,83,363,446
11944,21,45,254,299
11945,22,42,209,251
11946,23,29,137,166
11947,0,13,57,70
11948,1,16,33,49
11949,2,12,9,21
11950,3,6,8,14
11951,4,0,11,11
11952,5,1,33,34
11953,6,14,168,182
11954,7,40,475,515
11955,8,49,696,745
11956,9,57,304,361
11957,10,74,181,255
11958,11,109,225,334
11959,12,108,252,360
11960,13,98,297,395
11961,14,108,242,350
11962,15,131,260,391
11963,16,151,417,568
11964,17,124,688,812
11965,18,99,570,669
11966,19,91,392,483
11967,20,73,264,337
11968,21,49,209,258
11969,22,57,194,251
11970,23,41,133,174
11971,0,30,118,148
11972,1,20,84,104
11973,2,13,56,69
11974,3,10,23,33
11975,4,6,8,14
11976,5,1,11,12
11977,6,12,38,50
11978,7,28,67,95
11979,8,33,162,195
11980,9,79,213,292
11981,10,177,275,452
11982,11,235,351,586
11983,12,276,366,642
11984,13,332,372,704
11985,14,361,369,730
11986,15,356,316,672
11987,16,331,311,642
11988,17,279,347,626
11989,18,254,391,645
11990,19,203,229,432
11991,20,118,197,315
11992,21,81,178,259
11993,22,104,234,338
11994,23,71,168,239
11995,0,42,128,170
11996,1,28,102,130
11997,2,36,62,98
11998,3,26,40,66
11999,4,2,14,16
12000,5,1,7,8
12001,6,4,21,25
12002,7,35,55,90
12003,8,51,120,171
12004,9,129,184,313
12005,10,174,258,432
12006,11,258,323,581
12007,12,247,390,637
12008,13,244,363,607
12009,14,236,307,543
12010,15,246,256,502
12011,16,238,339,577
12012,17,209,340,549
12013,18,146,328,474
12014,19,142,260,402
12015,20,83,191,274
12016,21,51,182,233
12017,22,44,101,145
12018,23,32,54,86
12019,0,12,28,40
12020,1,4,11,15
12021,2,2,9,11
12022,3,0,2,2
12023,4,2,5,7
12024,5,1,14,15
12025,6,3,76,79
12026,7,7,146,153
12027,8,12,258,270
12028,9,14,172,186
12029,10,28,71,99
12030,11,24,82,106
12031,12,46,124,170
12032,13,49,135,184
12033,14,45,135,180
12034,15,67,158,225
12035,16,46,269,315
12036,17,40,468,508
12037,18,52,478,530
12038,19,57,391,448
12039,20,44,292,336
12040,21,31,210,241
12041,22,26,116,142
12042,23,18,79,97
12043,0,10,26,36
12044,1,11,16,27
12045,2,1,10,11
12046,3,0,5,5
12047,4,0,7,7
12048,5,0,17,17
12049,6,8,129,137
12050,7,9,315,324
12051,8,20,570,590
12052,9,46,287,333
12053,10,52,148,200
12054,11,39,150,189
12055,12,76,178,254
12056,13,48,195,243
12057,14,73,149,222
12058,15,54,191,245
12059,16,70,316,386
12060,17,69,716,785
12061,18,76,709,785
12062,19,44,320,364
12063,20,54,319,373
12064,21,28,233,261
12065,22,17,157,174
12066,23,14,91,105
12067,0,19,28,47
12068,1,23,9,32
12069,2,2,10,12
12070,3,0,5,5
12071,4,0,3,3
12072,5,6,29,35
12073,6,6,154,160
12074,7,16,452,468
12075,8,38,681,719
12076,9,39,258,297
12077,10,52,139,191
12078,11,46,151,197
12079,12,42,206,248
12080,13,69,201,270
12081,14,67,181,248
12082,15,65,192,257
12083,16,62,216,278
12084,17,45,240,285
12085,18,31,296,327
12086,19,40,336,376
12087,20,28,267,295
12088,21,24,221,245
12089,22,23,136,159
12090,23,23,83,106
12091,0,7,49,56
12092,1,9,21,30
12093,2,1,15,16
12094,3,1,3,4
12095,4,0,5,5
12096,5,1,29,30
12097,6,10,146,156
12098,7,22,393,415
12099,8,33,659,692
12100,9,34,267,301
12101,10,47,138,185
12102,11,61,160,221
12103,12,76,213,289
12104,13,69,233,302
12105,14,72,180,252
12106,15,69,222,291
12107,16,61,329,390
12108,17,120,678,798
12109,18,118,634,752
12110,19,76,416,492
12111,20,55,343,398
12112,21,48,237,285
12113,22,33,210,243
12114,23,36,131,167
12115,0,10,63,73
12116,1,8,34,42
12117,2,7,16,23
12118,3,8,6,14
12119,4,3,6,9
12120,5,2,28,30
12121,6,5,108,113
12122,7,7,352,359
12123,8,32,551,583
12124,9,52,288,340
12125,10,69,163,232
12126,11,90,193,283
12127,12,84,237,321
12128,13,86,247,333
12129,14,104,263,367
12130,15,106,360,466
12131,16,137,447,584
12132,17,124,529,653
12133,18,131,391,522
12134,19,111,293,404
12135,20,80,270,350
12136,21,62,193,255
12137,22,65,147,212
12138,23,34,132,166
12139,0,18,98,116
12140,1,18,64,82
12141,2,9,55,64
12142,3,9,22,31
12143,4,0,2,2
12144,5,0,10,10
12145,6,6,25,31
12146,7,10,44,54
12147,8,38,103,141
12148,9,97,192,289
12149,10,181,256,437
12150,11,208,312,520
12151,12,236,293,529
12152,13,265,274,539
12153,14,307,257,564
12154,15,274,239,513
12155,16,261,243,504
12156,17,235,227,462
12157,18,199,216,415
12158,19,159,214,373
12159,20,103,152,255
12160,21,100,151,251
12161,22,86,118,204
12162,23,36,114,150
12163,0,48,89,137
12164,1,17,61,78
12165,2,16,45,61
12166,3,11,25,36
12167,4,4,7,11
12168,5,2,5,7
12169,6,8,14,22
12170,7,22,30,52
12171,8,69,82,151
12172,9,130,140,270
12173,10,209,215,424
12174,11,268,251,519
12175,12,301,269,570
12176,13,270,228,498
12177,14,317,230,547
12178,15,290,245,535
12179,16,258,243,501
12180,17,275,247,522
12181,18,266,252,518
12182,19,230,212,442
12183,20,168,224,392
12184,21,64,79,143
12185,22,9,50,59
12186,23,31,65,96
12187,0,21,44,65
12188,1,14,45,59
12189,2,20,28,48
12190,3,6,12,18
12191,4,2,4,6
12192,5,4,5,9
12193,6,6,14,20
12194,7,24,43,67
12195,8,62,93,155
12196,9,121,142,263
12197,10,189,175,364
12198,11,254,222,476
12199,12,233,292,525
12200,13,272,284,556
12201,14,238,227,465
12202,15,181,279,460
12203,16,223,278,501
12204,17,158,247,405
12205,18,132,251,383
12206,19,148,247,395
12207,20,114,203,317
12208,21,66,181,247
12209,22,47,110,157
12210,23,22,60,82
12211,0,12,33,45
12212,1,1,13,14
12213,2,0,8,8
12214,3,1,2,3
12215,4,0,5,5
12216,5,1,32,33
12217,6,9,145,154
12218,7,19,431,450
12219,8,46,588,634
12220,9,26,231,257
12221,10,67,116,183
12222,11,50,147,197
12223,12,56,181,237
12224,13,63,176,239
12225,14,80,158,238
12226,15,71,185,256
12227,16,73,320,393
12228,17,107,674,781
12229,18,78,632,710
12230,19,69,457,526
12231,20,36,168,204
12232,21,3,68,71
12233,22,2,53,55
12234,23,10,40,50
12235,0,4,32,36
12236,1,0,4,4
12237,2,1,4,5
12238,3,0,5,5
12239,4,0,6,6
12240,5,1,40,41
12241,6,5,139,144
12242,7,14,469,483
12243,8,29,642,671
12244,9,23,282,305
12245,10,39,138,177
12246,11,53,155,208
12247,12,33,220,253
12248,13,53,236,289
12249,14,44,208,252
12250,15,54,221,275
12251,16,46,352,398
12252,17,83,756,839
12253,18,50,746,796
12254,19,50,506,556
12255,20,57,374,431
12256,21,41,263,304
12257,22,26,191,217
12258,23,39,121,160
12259,0,13,48,61
12260,1,4,22,26
12261,2,6,8,14
12262,3,0,8,8
12263,4,0,8,8
12264,5,1,32,33
12265,6,7,171,178
12266,7,18,489,507
12267,8,18,675,693
12268,9,47,264,311
12269,10,65,155,220
12270,11,65,153,218
12271,12,62,230,292
12272,13,77,216,293
12273,14,61,193,254
12274,15,81,209,290
12275,16,103,384,487
12276,17,85,742,827
12277,18,85,700,785
12278,19,104,487,591
12279,20,88,391,479
12280,21,41,318,359
12281,22,43,221,264
12282,23,26,114,140
12283,0,10,76,86
12284,1,0,34,34
12285,2,3,13,16
12286,3,0,4,4
12287,4,1,5,6
12288,5,4,41,45
12289,6,5,136,141
12290,7,33,369,402
12291,8,19,675,694
12292,9,24,274,298
12293,10,49,155,204
12294,11,42,193,235
12295,12,72,238,310
12296,13,76,240,316
12297,14,55,199,254
12298,15,45,213,258
12299,16,36,186,222
12300,17,25,202,227
12301,18,10,100,110
12302,19,4,41,45
12303,20,1,38,39
12304,21,12,73,85
12305,22,1,22,23
12306,23,6,67,73
12307,0,5,81,86
12308,1,15,61,76
12309,2,3,38,41
12310,3,8,18,26
12311,4,2,11,13
12312,5,1,11,12
12313,6,5,31,36
12314,7,9,77,86
12315,8,30,180,210
12316,9,89,243,332
12317,10,145,348,493
12318,11,179,357,536
12319,12,250,418,668
12320,13,279,400,679
12321,14,259,388,647
12322,15,297,405,702
12323,16,275,369,644
12324,17,248,338,586
12325,18,171,341,512
12326,19,185,369,554
12327,20,139,260,399
12328,21,96,220,316
12329,22,52,176,228
12330,23,53,185,238
12331,0,27,142,169
12332,1,21,100,121
12333,2,22,67,89
12334,3,16,34,50
12335,4,1,12,13
12336,5,1,11,12
12337,6,6,16,22
12338,7,6,29,35
12339,8,30,110,140
12340,9,70,230,300
12341,10,127,277,404
12342,11,199,312,511
12343,12,276,408,684
12344,13,265,421,686
12345,14,267,411,678
12346,15,236,408,644
12347,16,226,436,662
12348,17,192,386,578
12349,18,153,343,496
12350,19,116,337,453
12351,20,84,230,314
12352,21,66,180,246
12353,22,61,165,226
12354,23,26,82,108
12355,0,11,38,49
12356,1,4,10,14
12357,2,1,10,11
12358,3,0,5,5
12359,4,2,6,8
12360,5,2,33,35
12361,6,4,135,139
12362,7,13,504,517
12363,8,22,643,665
12364,9,38,244,282
12365,10,67,120,187
12366,11,71,168,239
12367,12,62,220,282
12368,13,85,189,274
12369,14,84,186,270
12370,15,77,215,292
12371,16,73,375,448
12372,17,101,733,834
12373,18,103,719,822
12374,19,91,554,645
12375,20,71,390,461
12376,21,40,225,265
12377,22,41,127,168
12378,23,8,78,86
12379,0,6,28,34
12380,1,2,18,20
12381,2,0,8,8
12382,3,0,5,5
12383,4,1,4,5
12384,5,1,35,36
12385,6,7,177,184
12386,7,29,540,569
12387,8,30,680,710
12388,9,50,285,335
12389,10,58,118,176
12390,11,65,162,227
12391,12,45,202,247
12392,13,66,201,267
12393,14,82,194,276
12394,15,54,218,272
12395,16,91,382,473
12396,17,86,764,850
12397,18,111,679,790
12398,19,68,445,513
12399,20,44,371,415
12400,21,30,253,283
12401,22,22,171,193
12402,23,20,93,113
12403,0,3,46,49
12404,1,6,21,27
12405,2,4,7,11
12406,3,0,8,8
12407,4,3,7,10
12408,5,1,37,38
12409,6,7,165,172
12410,7,16,531,547
12411,8,31,637,668
12412,9,35,268,303
12413,10,55,148,203
12414,11,65,161,226
12415,12,80,235,315
12416,13,73,230,303
12417,14,111,191,302
12418,15,75,225,300
12419,16,107,345,452
12420,17,72,652,724
12421,18,94,688,782
12422,19,52,486,538
12423,20,59,349,408
12424,21,38,260,298
12425,22,27,221,248
12426,23,13,110,123
12427,0,9,50,59
12428,1,5,17,22
12429,2,0,12,12
12430,3,0,5,5
12431,4,0,6,6
12432,5,0,34,34
12433,6,5,165,170
12434,7,20,506,526
12435,8,20,661,681
12436,9,37,300,337
12437,10,56,154,210
12438,11,67,170,237
12439,12,62,274,336
12440,13,65,250,315
12441,14,67,198,265
12442,15,99,234,333
12443,16,77,389,466
12444,17,91,778,869
12445,18,110,703,813
12446,19,65,537,602
12447,20,76,402,478
12448,21,30,283,313
12449,22,35,193,228
12450,23,42,135,177
12451,0,18,59,77
12452,1,4,25,29
12453,2,2,17,19
12454,3,0,8,8
12455,4,1,9,10
12456,5,1,28,29
12457,6,8,131,139
12458,7,19,409,428
12459,8,37,663,700
12460,9,47,335,382
12461,10,62,187,249
12462,11,65,199,264
12463,12,89,280,369
12464,13,129,287,416
12465,14,128,245,373
12466,15,98,299,397
12467,16,111,412,523
12468,17,114,679,793
12469,18,147,576,723
12470,19,95,460,555
12471,20,117,291,408
12472,21,83,256,339
12473,22,61,230,291
12474,23,52,163,215
12475,0,54,152,206
12476,1,34,89,123
12477,2,21,68,89
12478,3,12,28,40
12479,4,2,6,8
12480,5,4,15,19
12481,6,17,63,80
12482,7,26,61,87
12483,8,42,202,244
12484,9,99,241,340
12485,10,168,298,466
12486,11,218,351,569
12487,12,196,335,531
12488,13,236,349,585
12489,14,239,354,593
12490,15,218,337,555
12491,16,219,315,534
12492,17,238,257,495
12493,18,175,276,451
12494,19,128,232,360
12495,20,125,238,363
12496,21,105,211,316
12497,22,63,151,214
12498,23,69,161,230
12499,0,33,125,158
12500,1,32,84,116
12501,2,17,56,73
12502,3,6,23,29
12503,4,1,9,10
12504,5,3,10,13
12505,6,3,27,30
12506,7,21,41,62
12507,8,59,122,181
12508,9,91,175,266
12509,10,148,265,413
12510,11,184,315,499
12511,12,173,329,502
12512,13,204,288,492
12513,14,186,314,500
12514,15,159,316,475
12515,16,173,335,508
12516,17,184,337,521
12517,18,164,326,490
12518,19,115,260,375
12519,20,113,250,363
12520,21,83,170,253
12521,22,42,117,159
12522,23,30,80,110
12523,0,8,33,41
12524,1,9,15,24
12525,2,5,12,17
12526,3,2,4,6
12527,4,0,7,7
12528,5,1,36,37
12529,6,8,136,144
12530,7,25,478,503
12531,8,38,613,651
12532,9,57,259,316
12533,10,52,95,147
12534,11,59,143,202
12535,12,63,198,261
12536,13,63,185,248
12537,14,66,193,259
12538,15,72,187,259
12539,16,87,340,427
12540,17,85,715,800
12541,18,105,726,831
12542,19,89,507,596
12543,20,61,333,394
12544,21,32,218,250
12545,22,22,142,164
12546,23,8,72,80
12547,0,2,26,28
12548,1,5,11,16
12549,2,0,6,6
12550,3,3,9,12
12551,4,0,4,4
12552,5,1,28,29
12553,6,6,130,136
12554,7,16,287,303
12555,8,15,598,613
12556,9,31,254,285
12557,10,29,96,125
12558,11,8,57,65
12559,12,19,76,95
12560,13,11,48,59
12561,14,12,48,60
12562,15,22,94,116
12563,16,30,209,239
12564,17,56,625,681
12565,18,57,596,653
12566,19,47,444,491
12567,20,36,350,386
12568,21,41,233,274
12569,22,19,188,207
12570,23,11,78,89
12571,0,7,27,34
12572,1,7,21,28
12573,2,0,4,4
12574,3,1,7,8
12575,4,1,9,10
12576,5,2,38,40
12577,6,6,188,194
12578,7,25,480,505
12579,8,41,672,713
12580,9,54,298,352
12581,10,64,134,198
12582,11,64,182,246
12583,12,93,241,334
12584,13,52,203,255
12585,14,98,222,320
12586,15,65,216,281
12587,16,72,320,392
12588,17,75,782,857
12589,18,104,640,744
12590,19,123,548,671
12591,20,86,362,448
12592,21,79,317,396
12593,22,29,209,238
12594,23,25,128,153
12595,0,3,45,48
12596,1,4,17,21
12597,2,1,8,9
12598,3,1,4,5
12599,4,0,6,6
12600,5,0,40,40
12601,6,12,169,181
12602,7,26,480,506
12603,8,37,682,719
12604,9,45,312,357
12605,10,47,132,179
12606,11,60,168,228
12607,12,55,210,265
12608,13,71,213,284
12609,14,84,214,298
12610,15,111,213,324
12611,16,70,368,438
12612,17,117,750,867
12613,18,107,716,823
12614,19,96,483,579
12615,20,84,351,435
12616,21,67,270,337
12617,22,46,196,242
12618,23,36,136,172
12619,0,26,68,94
12620,1,9,42,51
12621,2,0,15,15
12622,3,2,3,5
12623,4,1,13,14
12624,5,2,31,33
12625,6,9,142,151
12626,7,17,413,430
12627,8,44,609,653
12628,9,58,308,366
12629,10,56,160,216
12630,11,106,180,286
12631,12,111,292,403
12632,13,121,272,393
12633,14,121,255,376
12634,15,107,270,377
12635,16,132,426,558
12636,17,125,698,823
12637,18,121,572,693
12638,19,98,369,467
12639,20,89,296,385
12640,21,83,250,333
12641,22,79,242,321
12642,23,46,176,222
12643,0,25,112,137
12644,1,16,79,95
12645,2,12,55,67
12646,3,8,19,27
12647,4,3,5,8
12648,5,2,21,23
12649,6,11,36,47
12650,7,10,68,78
12651,8,47,157,204
12652,9,88,279,367
12653,10,139,296,435
12654,11,213,353,566
12655,12,254,349,603
12656,13,293,324,617
12657,14,264,309,573
12658,15,295,288,583
12659,16,238,304,542
12660,17,244,349,593
12661,18,256,315,571
12662,19,184,277,461
12663,20,123,229,352
12664,21,98,192,290
12665,22,91,189,280
12666,23,49,134,183
12667,0,31,117,148
12668,1,21,67,88
12669,2,19,55,74
12670,3,6,22,28
12671,4,2,16,18
12672,5,4,13,17
12673,6,7,16,23
12674,7,18,30,48
12675,8,24,95,119
12676,9,91,183,274
12677,10,148,288,436
12678,11,196,350,546
12679,12,260,355,615
12680,13,267,347,614
12681,14,255,327,582
12682,15,203,260,463
12683,16,240,340,580
12684,17,232,361,593
12685,18,203,310,513
12686,19,146,244,390
12687,20,101,201,302
12688,21,76,170,246
12689,22,55,98,153
12690,23,29,79,108
12691,0,12,28,40
12692,1,9,5,14
12693,2,3,6,9
12694,3,1,3,4
12695,4,0,9,9
12696,5,1,22,23
12697,6,0,37,37
12698,7,10,135,145
12699,8,27,447,474
12700,9,28,222,250
12701,10,13,78,91
12702,11,25,96,121
12703,12,29,139,168
12704,13,51,174,225
12705,14,59,160,219
12706,15,61,176,237
12707,16,53,279,332
12708,17,54,669,723
12709,18,47,595,642
12710,19,52,411,463
12711,20,45,317,362
12712,21,35,238,273
12713,22,21,143,164
12714,23,17,57,74
12715,0,5,30,35
12716,1,1,13,14
12717,2,1,14,15
12718,3,1,7,8
12719,4,1,9,10
12720,5,3,34,37
12721,6,9,152,161
12722,7,18,462,480
12723,8,40,633,673
12724,9,40,288,328
12725,10,44,136,180
12726,11,56,174,230
12727,12,70,222,292
12728,13,69,203,272
12729,14,61,166,227
12730,15,72,187,259
12731,16,48,286,334
12732,17,86,725,811
12733,18,91,704,795
12734,19,82,432,514
12735,20,59,399,458
12736,21,37,239,276
12737,22,51,240,291
12738,23,23,102,125
12739,0,5,48,53
12740,1,7,20,27
12741,2,1,5,6
12742,3,2,6,8
12743,4,1,6,7
12744,5,2,37,39
12745,6,9,156,165
12746,7,20,444,464
12747,8,43,600,643
12748,9,40,276,316
12749,10,41,126,167
12750,11,54,134,188
12751,12,30,150,180
12752,13,48,163,211
12753,14,56,134,190
12754,15,36,143,179
12755,16,51,284,335
12756,17,80,611,691
12757,18,81,591,672
12758,19,90,449,539
12759,20,81,326,407
12760,21,42,302,344
12761,22,31,226,257
12762,23,21,102,123
12763,0,16,53,69
12764,1,2,16,18
12765,2,11,7,18
12766,3,3,8,11
12767,4,1,11,12
12768,5,3,37,40
12769,6,3,147,150
12770,7,26,437,463
12771,8,27,563,590
12772,9,32,224,256
12773,10,36,114,150
12774,11,40,121,161
12775,12,33,182,215
12776,13,31,141,172
12777,14,27,149,176
12778,15,40,154,194
12779,16,37,283,320
12780,17,80,535,615
12781,18,78,562,640
12782,19,84,415,499
12783,20,79,357,436
12784,21,55,256,311
12785,22,22,221,243
12786,23,12,134,146
12787,0,16,77,93
12788,1,3,28,31
12789,2,0,12,12
12790,3,1,6,7
12791,4,3,7,10
12792,5,3,35,38
12793,6,4,118,122
12794,7,19,340,359
12795,8,49,564,613
12796,9,55,278,333
12797,10,52,133,185
12798,11,76,160,236
12799,12,63,191,254
12800,13,72,228,300
12801,14,65,198,263
12802,15,72,212,284
12803,16,67,313,380
12804,17,95,551,646
12805,18,62,443,505
12806,19,45,317,362
12807,20,31,171,202
12808,21,40,177,217
12809,22,42,155,197
12810,23,29,145,174
12811,0,14,102,116
12812,1,16,107,123
12813,2,18,75,93
12814,3,10,32,42
12815,4,6,13,19
12816,5,1,11,12
12817,6,10,37,47
12818,7,19,59,78
12819,8,34,133,167
12820,9,85,247,332
12821,10,177,317,494
12822,11,167,349,516
12823,12,203,399,602
12824,13,226,338,564
12825,14,238,371,609
12826,15,217,266,483
12827,16,196,317,513
12828,17,214,316,530
12829,18,194,287,481
12830,19,185,240,425
12831,20,158,228,386
12832,21,99,223,322
12833,22,101,178,279
12834,23,69,156,225
12835,0,31,132,163
12836,1,39,88,127
12837,2,34,80,114
12838,3,19,41,60
12839,4,4,9,13
12840,5,1,7,8
12841,6,6,19,25
12842,7,23,48,71
12843,8,38,103,141
12844,9,63,169,232
12845,10,161,291,452
12846,11,215,291,506
12847,12,227,329,556
12848,13,237,348,585
12849,14,253,298,551
12850,15,197,290,487
12851,16,181,280,461
12852,17,203,329,532
12853,18,186,348,534
12854,19,176,247,423
12855,20,108,224,332
12856,21,76,177,253
12857,22,53,125,178
12858,23,20,67,87
12859,0,31,37,68
12860,1,11,20,31
12861,2,4,10,14
12862,3,1,4,5
12863,4,0,4,4
12864,5,1,42,43
12865,6,11,147,158
12866,7,30,455,485
12867,8,53,555,608
12868,9,37,231,268
12869,10,58,126,184
12870,11,54,127,181
12871,12,74,196,270
12872,13,79,181,260
12873,14,90,161,251
12874,15,65,168,233
12875,16,104,310,414
12876,17,76,757,833
12877,18,100,691,791
12878,19,74,508,582
12879,20,100,375,475
12880,21,50,281,331
12881,22,21,166,187
12882,23,15,88,103
12883,0,8,29,37
12884,1,11,19,30
12885,2,2,7,9
12886,3,2,7,9
12887,4,1,9,10
12888,5,3,36,39
12889,6,12,176,188
12890,7,21,531,552
12891,8,34,622,656
12892,9,30,298,328
12893,10,37,153,190
12894,11,46,189,235
12895,12,80,228,308
12896,13,74,232,306
12897,14,81,186,267
12898,15,88,229,317
12899,16,67,349,416
12900,17,104,796,900
12901,18,105,719,824
12902,19,83,529,612
12903,20,88,417,505
12904,21,61,267,328
12905,22,26,219,245
12906,23,13,118,131
12907,0,15,39,54
12908,1,5,18,23
12909,2,2,12,14
12910,3,1,7,8
12911,4,0,11,11
12912,5,2,34,36
12913,6,7,193,200
12914,7,29,498,527
12915,8,49,638,687
12916,9,29,253,282
12917,10,34,138,172
12918,11,64,145,209
12919,12,77,245,322
12920,13,77,244,321
12921,14,78,192,270
12922,15,61,188,249
12923,16,55,337,392
12924,17,113,730,843
12925,18,85,719,804
12926,19,101,542,643
12927,20,76,369,445
12928,21,54,313,367
12929,22,52,245,297
12930,23,11,148,159
12931,0,2,52,54
12932,1,11,14,25
12933,2,1,12,13
12934,3,1,6,7
12935,4,0,11,11
12936,5,8,39,47
12937,6,8,185,193
12938,7,24,484,508
12939,8,40,577,617
12940,9,33,318,351
12941,10,40,144,184
12942,11,41,170,211
12943,12,49,227,276
12944,13,31,205,236
12945,14,66,188,254
12946,15,24,195,219
12947,16,56,331,387
12948,17,71,634,705
12949,18,100,597,697
12950,19,79,492,571
12951,20,71,399,470
12952,21,89,309,398
12953,22,50,224,274
12954,23,26,145,171
12955,0,24,90,114
12956,1,9,33,42
12957,2,3,15,18
12958,3,3,5,8
12959,4,1,9,10
12960,5,6,39,45
12961,6,15,148,163
12962,7,19,361,380
12963,8,48,576,624
12964,9,39,261,300
12965,10,32,139,171
12966,11,51,137,188
12967,12,53,173,226
12968,13,45,194,239
12969,14,49,184,233
12970,15,47,183,230
12971,16,59,292,351
12972,17,82,457,539
12973,18,50,414,464
12974,19,60,303,363
12975,20,53,255,308
12976,21,41,195,236
12977,22,34,129,163
12978,23,6,42,48
12979,0,4,65,69
12980,1,3,55,58
12981,2,7,54,61
12982,3,3,20,23
12983,4,3,15,18
12984,5,3,7,10
12985,6,6,36,42
12986,7,10,82,92
12987,8,26,168,194
12988,9,41,234,275
12989,10,96,308,404
12990,11,102,350,452
12991,12,143,328,471
12992,13,105,323,428
12993,14,114,295,409
12994,15,117,287,404
12995,16,109,264,373
12996,17,131,231,362
12997,18,91,248,339
12998,19,134,240,374
12999,20,88,204,292
13000,21,48,165,213
13001,22,38,134,172
13002,23,33,119,152
13003,0,27,122,149
13004,1,12,81,93
13005,2,21,69,90
13006,3,6,27,33
13007,4,0,4,4
13008,5,3,7,10
13009,6,8,19,27
13010,7,13,37,50
13011,8,36,106,142
13012,9,51,168,219
13013,10,98,268,366
13014,11,121,256,377
13015,12,114,319,433
13016,13,111,309,420
13017,14,98,346,444
13018,15,101,244,345
13019,16,85,228,313
13020,17,90,323,413
13021,18,95,275,370
13022,19,103,279,382
13023,20,88,244,332
13024,21,77,181,258
13025,22,41,110,151
13026,23,22,88,110
13027,0,12,31,43
13028,1,3,14,17
13029,2,1,14,15
13030,3,0,5,5
13031,4,2,10,12
13032,5,3,37,40
13033,6,4,132,136
13034,7,8,390,398
13035,8,20,548,568
13036,9,56,239,295
13037,10,70,104,174
13038,11,67,134,201
13039,12,74,183,257
13040,13,74,162,236
13041,14,79,151,230
13042,15,59,175,234
13043,16,61,304,365
13044,17,82,665,747
13045,18,72,658,730
13046,19,71,510,581
13047,20,38,357,395
13048,21,17,241,258
13049,22,19,169,188
13050,23,12,90,102
13051,0,9,44,53
13052,1,5,9,14
13053,2,2,8,10
13054,3,0,2,2
13055,4,0,6,6
13056,5,2,33,35
13057,6,5,149,154
13058,7,21,462,483
13059,8,42,604,646
13060,9,46,226,272
13061,10,56,153,209
13062,11,66,151,217
13063,12,74,198,272
13064,13,80,203,283
13065,14,69,241,310
13066,15,71,330,401
13067,16,90,437,527
13068,17,102,620,722
13069,18,85,542,627
13070,19,66,431,497
13071,20,80,296,376
13072,21,36,160,196
13073,22,26,151,177
13074,23,19,152,171
13075,0,19,140,159
13076,1,27,96,123
13077,2,27,66,93
13078,3,9,23,32
13079,4,5,11,16
13080,5,5,14,19
13081,6,9,23,32
13082,7,10,62,72
13083,8,43,110,153
13084,9,90,203,293
13085,10,143,304,447
13086,11,164,321,485
13087,12,164,330,494
13088,13,177,322,499
13089,14,190,357,547
13090,15,155,299,454
13091,16,163,226,389
13092,17,161,253,414
13093,18,159,271,430
13094,19,177,255,432
13095,20,237,314,551
13096,21,222,362,584
13097,22,175,327,502
13098,23,31,152,183
13099,0,17,71,88
13100,1,6,24,30
13101,2,4,14,18
13102,3,2,5,7
13103,4,0,7,7
13104,5,1,28,29
13105,6,3,130,133
13106,7,27,316,343
13107,8,36,514,550
13108,9,47,246,293
13109,10,69,117,186
13110,11,107,137,244
13111,12,88,188,276
13112,13,129,181,310
13113,14,87,154,241
13114,15,71,183,254
13115,16,109,324,433
13116,17,114,575,689
13117,18,96,511,607
13118,19,128,375,503
13119,20,78,243,321
13120,21,91,232,323
13121,22,63,162,225
13122,23,32,99,131
13123,0,39,63,102
13124,1,7,22,29
13125,2,4,13,17
13126,3,1,6,7
13127,4,2,4,6
13128,5,4,31,35
13129,6,4,127,131
13130,7,20,333,353
13131,8,28,557,585
13132,9,55,249,304
13133,10,80,130,210
13134,11,92,141,233
13135,12,111,220,331
13136,13,99,194,293
13137,14,91,184,275
13138,15,79,206,285
13139,16,69,300,369
13140,17,90,486,576
13141,18,106,454,560
13142,19,112,306,418
13143,20,91,245,336
13144,21,77,223,300
13145,22,78,210,288
13146,23,27,137,164
13147,0,35,115,150
13148,1,16,55,71
13149,2,11,47,58
13150,3,12,19,31
13151,4,3,13,16
13152,5,2,12,14
13153,6,4,27,31
13154,7,8,63,71
13155,8,32,120,152
13156,9,69,187,256
13157,10,100,225,325
13158,11,122,245,367
13159,12,124,218,342
13160,13,116,244,360
13161,14,105,203,308
13162,15,113,193,306
13163,16,102,192,294
13164,17,103,176,279
13165,18,83,194,277
13166,19,68,219,287
13167,20,79,197,276
13168,21,51,150,201
13169,22,56,164,220
13170,23,34,114,148
13171,0,22,125,147
13172,1,25,99,124
13173,2,11,59,70
13174,3,1,34,35
13175,4,2,11,13
13176,5,1,5,6
13177,6,5,16,21
13178,7,19,33,52
13179,8,35,95,130
13180,9,70,172,242
13181,10,85,234,319
13182,11,120,269,389
13183,12,105,271,376
13184,13,118,219,337
13185,14,77,235,312
13186,15,80,218,298
13187,16,65,226,291
13188,17,68,202,270
13189,18,54,199,253
13190,19,66,184,250
13191,20,79,206,285
13192,21,58,149,207
13193,22,12,110,122
13194,23,25,98,123
13195,0,6,33,39
13196,1,5,13,18
13197,2,1,4,5
13198,3,0,5,5
13199,4,1,1,2
13200,5,1,27,28
13201,6,6,86,92
13202,7,7,223,230
13203,8,26,429,455
13204,9,38,325,363
13205,10,58,117,175
13206,11,72,144,216
13207,12,61,205,266
13208,13,67,188,255
13209,14,58,184,242
13210,15,66,214,280
13211,16,88,325,413
13212,17,108,741,849
13213,18,82,790,872
13214,19,88,543,631
13215,20,69,378,447
13216,21,33,298,331
13217,22,35,189,224
13218,23,22,109,131
13219,0,16,53,69
13220,1,0,15,15
13221,2,1,15,16
13222,3,0,3,3
13223,4,0,4,4
13224,5,3,39,42
13225,6,4,183,187
13226,7,31,489,520
13227,8,34,615,649
13228,9,47,284,331
13229,10,56,134,190
13230,11,92,157,249
13231,12,69,203,272
13232,13,77,203,280
13233,14,71,171,242
13234,15,77,188,265
13235,16,89,346,435
13236,17,103,769,872
13237,18,70,749,819
13238,19,55,359,414
13239,20,9,75,84
13240,21,7,83,90
13241,22,14,125,139
13242,23,29,74,103
13243,0,6,38,44
13244,1,3,11,14
13245,2,0,5,5
13246,3,0,5,5
13247,4,1,6,7
13248,5,5,36,41
13249,6,17,168,185
13250,7,26,471,497
13251,8,30,644,674
13252,9,30,298,328
13253,10,47,148,195
13254,11,56,173,229
13255,12,69,223,292
13256,13,65,208,273
13257,14,66,175,241
13258,15,56,220,276
13259,16,53,358,411
13260,17,90,740,830
13261,18,79,735,814
13262,19,73,560,633
13263,20,73,410,483
13264,21,69,322,391
13265,22,41,203,244
13266,23,20,132,152
13267,0,1,55,56
13268,1,0,21,21
13269,2,0,9,9
13270,3,0,10,10
13271,4,0,5,5
13272,5,4,40,44
13273,6,7,171,178
13274,7,32,480,512
13275,8,49,653,702
13276,9,42,285,327
13277,10,69,145,214
13278,11,49,166,215
13279,12,71,221,292
13280,13,52,225,277
13281,14,42,167,209
13282,15,63,208,271
13283,16,69,370,439
13284,17,91,704,795
13285,18,86,739,825
13286,19,97,532,629
13287,20,75,439,514
13288,21,44,329,373
13289,22,56,262,318
13290,23,33,178,211
13291,0,19,76,95
13292,1,17,42,59
13293,2,2,15,17
13294,3,2,7,9
13295,4,0,11,11
13296,5,4,30,34
13297,6,7,120,127
13298,7,27,353,380
13299,8,53,660,713
13300,9,70,344,414
13301,10,78,190,268
13302,11,68,220,288
13303,12,125,254,379
13304,13,100,274,374
13305,14,120,249,369
13306,15,92,261,353
13307,16,111,381,492
13308,17,138,697,835
13309,18,108,523,631
13310,19,103,385,488
13311,20,95,294,389
13312,21,76,223,299
13313,22,59,204,263
13314,23,37,175,212
13315,0,35,156,191
13316,1,13,105,118
13317,2,10,91,101
13318,3,9,31,40
13319,4,3,6,9
13320,5,0,5,5
13321,6,6,29,35
13322,7,7,41,48
13323,8,33,118,151
13324,9,82,200,282
13325,10,123,278,401
13326,11,143,296,439
13327,12,181,318,499
13328,13,219,372,591
13329,14,269,363,632
13330,15,243,317,560
13331,16,226,340,566
13332,17,199,259,458
13333,18,108,243,351
13334,19,156,275,431
13335,20,101,255,356
13336,21,69,200,269
13337,22,65,160,225
13338,23,55,156,211
13339,0,40,147,187
13340,1,49,119,168
13341,2,29,86,115
13342,3,15,42,57
13343,4,8,11,19
13344,5,2,7,9
13345,6,6,9,15
13346,7,17,30,47
13347,8,37,96,133
13348,9,58,163,221
13349,10,141,241,382
13350,11,170,281,451
13351,12,153,336,489
13352,13,171,309,480
13353,14,162,314,476
13354,15,182,307,489
13355,16,152,343,495
13356,17,122,314,436
13357,18,84,228,312
13358,19,109,203,312
13359,20,95,199,294
13360,21,59,164,223
13361,22,34,96,130
13362,23,25,66,91
13363,0,11,32,43
13364,1,1,10,11
13365,2,4,11,15
13366,3,2,4,6
13367,4,1,11,12
13368,5,10,40,50
13369,6,8,132,140
13370,7,24,459,483
13371,8,48,619,667
13372,9,51,297,348
13373,10,69,117,186
13374,11,57,125,182
13375,12,79,158,237
13376,13,63,176,239
13377,14,53,159,212
13378,15,61,176,237
13379,16,77,309,386
13380,17,86,669,755
13381,18,97,697,794
13382,19,92,503,595
13383,20,66,388,454
13384,21,45,283,328
13385,22,56,228,284
13386,23,27,139,166
13387,0,10,43,53
13388,1,4,21,25
13389,2,1,6,7
13390,3,0,3,3
13391,4,0,7,7
13392,5,7,31,38
13393,6,16,197,213
13394,7,26,500,526
13395,8,43,618,661
13396,9,32,288,320
13397,10,37,122,159
13398,11,60,146,206
13399,12,80,174,254
13400,13,53,168,221
13401,14,54,160,214
13402,15,57,187,244
13403,16,64,317,381
13404,17,95,675,770
13405,18,60,712,772
13406,19,69,478,547
13407,20,52,375,427
13408,21,50,283,333
13409,22,29,215,244
13410,23,22,139,161
13411,0,8,45,53
13412,1,2,14,16
13413,2,3,5,8
13414,3,2,2,4
13415,4,0,6,6
13416,5,5,41,46
13417,6,10,152,162
13418,7,23,472,495
13419,8,55,624,679
13420,9,44,253,297
13421,10,39,99,138
13422,11,47,136,183
13423,12,36,166,202
13424,13,49,154,203
13425,14,54,116,170
13426,15,42,152,194
13427,16,34,190,224
13428,17,35,335,370
13429,18,63,580,643
13430,19,78,438,516
13431,20,56,310,366
13432,21,53,266,319
13433,22,42,246,288
13434,23,19,112,131
13435,0,16,50,66
13436,1,6,19,25
13437,2,0,7,7
13438,3,1,4,5
13439,4,0,8,8
13440,5,5,35,40
13441,6,8,144,152
13442,7,23,450,473
13443,8,32,625,657
13444,9,36,282,318
13445,10,41,157,198
13446,11,54,162,216
13447,12,59,215,274
13448,13,74,180,254
13449,14,46,151,197
13450,15,66,226,292
13451,16,70,288,358
13452,17,93,678,771
13453,18,93,684,777
13454,19,53,480,533
13455,20,65,440,505
13456,21,38,294,332
13457,22,6,62,68
13458,23,3,62,65
13459,0,2,32,34
13460,1,2,9,11
13461,2,5,14,19
13462,3,7,29,36
13463,4,3,6,9
13464,5,2,40,42
13465,6,3,123,126
13466,7,14,346,360
13467,8,39,652,691
13468,9,45,328,373
13469,10,51,182,233
13470,11,51,161,212
13471,12,41,233,274
13472,13,20,136,156
13473,14,53,176,229
13474,15,47,169,216
13475,16,70,366,436
13476,17,95,620,715
13477,18,73,549,622
13478,19,44,358,402
13479,20,35,216,251
13480,21,14,108,122
13481,22,13,122,135
13482,23,18,148,166
13483,0,11,92,103
13484,1,10,62,72
13485,2,5,55,60
13486,3,7,18,25
13487,4,11,5,16
13488,5,7,10,17
13489,6,3,12,15
13490,7,8,29,37
13491,8,18,94,112
13492,9,32,175,207
13493,10,49,219,268
13494,11,80,225,305
13495,12,156,301,457
13496,13,106,248,354
13497,14,121,222,343
13498,15,148,232,380
13499,16,130,196,326
13500,17,92,149,241
13501,18,51,126,177
13502,19,67,171,238
13503,20,51,163,214
13504,21,29,134,163
13505,22,40,140,180
13506,23,32,117,149
13507,0,17,96,113
13508,1,31,99,130
13509,2,32,90,122
13510,3,13,30,43
13511,4,6,10,16
13512,5,0,6,6
13513,6,5,14,19
13514,7,13,25,38
13515,8,31,122,153
13516,9,79,179,258
13517,10,114,265,379
13518,11,191,314,505
13519,12,178,326,504
13520,13,238,388,626
13521,14,256,360,616
13522,15,254,370,624
13523,16,245,383,628
13524,17,188,368,556
13525,18,173,342,515
13526,19,180,342,522
13527,20,124,254,378
13528,21,88,257,345
13529,22,55,136,191
13530,23,33,90,123
13531,0,11,36,47
13532,1,7,20,27
13533,2,3,14,17
13534,3,0,2,2
13535,4,0,8,8
13536,5,3,48,51
13537,6,9,148,157
13538,7,17,404,421
13539,8,47,691,738
13540,9,57,288,345
13541,10,63,137,200
13542,11,69,129,198
13543,12,109,205,314
13544,13,64,176,240
13545,14,82,189,271
13546,15,76,205,281
13547,16,111,346,457
13548,17,87,760,847
13549,18,69,672,741
13550,19,94,488,582
13551,20,56,347,403
13552,21,45,251,296
13553,22,40,169,209
13554,23,16,98,114
13555,0,12,52,64
13556,1,7,10,17
13557,2,6,10,16
13558,3,1,5,6
13559,4,0,6,6
13560,5,5,45,50
13561,6,17,173,190
13562,7,24,492,516
13563,8,49,694,743
13564,9,40,299,339
13565,10,62,156,218
13566,11,45,156,201
13567,12,60,169,229
13568,13,73,200,273
13569,14,48,196,244
13570,15,73,212,285
13571,16,86,369,455
13572,17,94,775,869
13573,18,110,767,877
13574,19,109,523,632
13575,20,85,438,523
13576,21,53,325,378
13577,22,43,226,269
13578,23,38,154,192
13579,0,9,57,66
13580,1,2,26,28
13581,2,1,11,12
13582,3,1,11,12
13583,4,0,4,4
13584,5,5,54,59
13585,6,11,179,190
13586,7,34,473,507
13587,8,43,745,788
13588,9,65,277,342
13589,10,68,163,231
13590,11,79,202,281
13591,12,77,233,310
13592,13,81,231,312
13593,14,88,159,247
13594,15,94,223,317
13595,16,91,393,484
13596,17,130,783,913
13597,18,104,787,891
13598,19,116,582,698
13599,20,106,461,567
13600,21,71,326,397
13601,22,55,223,278
13602,23,52,187,239
13603,0,27,65,92
13604,1,6,23,29
13605,2,5,16,21
13606,3,0,8,8
13607,4,0,4,4
13608,5,2,40,42
13609,6,16,165,181
13610,7,17,478,495
13611,8,49,680,729
13612,9,55,289,344
13613,10,79,143,222
13614,11,69,143,212
13615,12,73,206,279
13616,13,53,189,242
13617,14,62,151,213
13618,15,65,173,238
13619,16,62,312,374
13620,17,110,628,738
13621,18,73,615,688
13622,19,80,534,614
13623,20,47,399,446
13624,21,35,236,271
13625,22,33,201,234
13626,23,18,127,145
13627,0,14,83,97
13628,1,12,42,54
13629,2,8,18,26
13630,3,3,9,12
13631,4,3,5,8
13632,5,3,34,37
13633,6,10,129,139
13634,7,13,397,410
13635,8,34,642,676
13636,9,34,329,363
13637,10,85,146,231
13638,11,67,184,251
13639,12,92,207,299
13640,13,83,231,314
13641,14,105,221,326
13642,15,81,242,323
13643,16,80,419,499
13644,17,101,598,699
13645,18,100,522,622
13646,19,93,423,516
13647,20,85,269,354
13648,21,71,189,260
13649,22,48,151,199
13650,23,34,155,189
13651,0,21,170,191
13652,1,11,69,80
13653,2,14,76,90
13654,3,10,33,43
13655,4,1,10,11
13656,5,4,10,14
13657,6,10,40,50
13658,7,18,58,76
13659,8,36,127,163
13660,9,110,227,337
13661,10,129,266,395
13662,11,162,295,457
13663,12,157,330,487
13664,13,173,325,498
13665,14,186,308,494
13666,15,206,291,497
13667,16,208,279,487
13668,17,199,280,479
13669,18,151,330,481
13670,19,115,223,338
13671,20,79,154,233
13672,21,94,206,300
13673,22,88,188,276
13674,23,52,156,208
13675,0,59,129,188
13676,1,49,109,158
13677,2,33,79,112
13678,3,18,37,55
13679,4,2,11,13
13680,5,3,14,17
13681,6,6,12,18
13682,7,4,36,40
13683,8,37,90,127
13684,9,64,162,226
13685,10,123,258,381
13686,11,183,326,509
13687,12,154,357,511
13688,13,181,302,483
13689,14,231,291,522
13690,15,195,306,501
13691,16,191,330,521
13692,17,164,367,531
13693,18,117,302,419
13694,19,143,300,443
13695,20,75,228,303
13696,21,72,199,271
13697,22,31,117,148
13698,23,18,82,100
13699,0,12,46,58
13700,1,4,15,19
13701,2,2,6,8
13702,3,0,3,3
13703,4,0,5,5
13704,5,4,43,47
13705,6,6,155,161
13706,7,14,455,469
13707,8,31,720,751
13708,9,34,259,293
13709,10,54,135,189
13710,11,69,146,215
13711,12,77,201,278
13712,13,57,169,226
13713,14,87,167,254
13714,15,51,185,236
13715,16,88,337,425
13716,17,62,765,827
13717,18,77,735,812
13718,19,81,584,665
13719,20,78,384,462
13720,21,71,251,322
13721,22,47,183,230
13722,23,34,116,150
13723,0,11,27,38
13724,1,3,18,21
13725,2,0,8,8
13726,3,1,5,6
13727,4,0,6,6
13728,5,5,40,45
13729,6,2,192,194
13730,7,21,492,513
13731,8,30,730,760
13732,9,31,302,333
13733,10,73,154,227
13734,11,54,170,224
13735,12,50,198,248
13736,13,69,219,288
13737,14,72,188,260
13738,15,29,115,144
13739,16,66,336,402
13740,17,94,726,820
13741,18,99,758,857
13742,19,90,524,614
13743,20,55,397,452
13744,21,60,292,352
13745,22,33,224,257
13746,23,20,127,147
13747,0,3,44,47
13748,1,5,28,33
13749,2,0,13,13
13750,3,0,7,7
13751,4,1,3,4
13752,5,3,46,49
13753,6,6,179,185
13754,7,19,468,487
13755,8,32,649,681
13756,9,34,316,350
13757,10,61,175,236
13758,11,54,180,234
13759,12,75,209,284
13760,13,59,221,280
13761,14,88,175,263
13762,15,89,206,295
13763,16,93,386,479
13764,17,103,734,837
13765,18,105,786,891
13766,19,88,564,652
13767,20,65,448,513
13768,21,36,284,320
13769,22,37,251,288
13770,23,18,134,152
13771,0,8,55,63
13772,1,6,36,42
13773,2,3,8,11
13774,3,0,6,6
13775,4,0,9,9
13776,5,4,37,41
13777,6,6,177,183
13778,7,21,452,473
13779,8,21,718,739
13780,9,31,312,343
13781,10,51,130,181
13782,11,59,167,226
13783,12,56,230,286
13784,13,98,212,310
13785,14,54,171,225
13786,15,68,202,270
13787,16,71,335,406
13788,17,90,775,865
13789,18,86,681,767
13790,19,98,509,607
13791,20,51,376,427
13792,21,41,301,342
13793,22,35,227,262
13794,23,25,152,177
13795,0,15,56,71
13796,1,11,32,43
13797,2,0,14,14
13798,3,1,5,6
13799,4,1,11,12
13800,5,2,35,37
13801,6,5,158,163
13802,7,25,396,421
13803,8,32,636,668
13804,9,69,327,396
13805,10,82,167,249
13806,11,77,186,263
13807,12,95,243,338
13808,13,98,247,345
13809,14,102,229,331
13810,15,112,268,380
13811,16,112,380,492
13812,17,95,646,741
13813,18,98,573,671
13814,19,81,388,469
13815,20,89,300,389
13816,21,54,224,278
13817,22,46,156,202
13818,23,26,170,196
13819,0,24,137,161
13820,1,23,99,122
13821,2,20,64,84
13822,3,11,19,30
13823,4,2,11,13
13824,5,1,16,17
13825,6,12,37,49
13826,7,18,49,67
13827,8,49,132,181
13828,9,61,217,278
13829,10,108,288,396
13830,11,155,315,470
13831,12,222,325,547
13832,13,195,332,527
13833,14,183,289,472
13834,15,205,284,489
13835,16,197,253,450
13836,17,179,313,492
13837,18,169,321,490
13838,19,133,264,397
13839,20,117,195,312
13840,21,96,193,289
13841,22,104,165,269
13842,23,61,161,222
13843,0,32,121,153
13844,1,8,79,87
13845,2,5,68,73
13846,3,9,32,41
13847,4,3,11,14
13848,5,1,18,19
13849,6,7,12,19
13850,7,18,50,68
13851,8,27,81,108
13852,9,61,168,229
13853,10,111,253,364
13854,11,155,282,437
13855,12,161,330,491
13856,13,208,315,523
13857,14,161,365,526
13858,15,164,286,450
13859,16,143,278,421
13860,17,122,260,382
13861,18,75,154,229
13862,19,46,139,185
13863,20,53,140,193
13864,21,51,157,208
13865,22,57,100,157
13866,23,29,58,87
13867,0,9,24,33
13868,1,1,10,11
13869,2,0,5,5
13870,3,0,5,5
13871,4,3,8,11
13872,5,2,23,25
13873,6,4,137,141
13874,7,14,393,407
13875,8,27,578,605
13876,9,28,248,276
13877,10,54,159,213
13878,11,108,152,260
13879,12,72,213,285
13880,13,85,204,289
13881,14,99,188,287
13882,15,91,183,274
13883,16,88,363,451
13884,17,112,746,858
13885,18,100,743,843
13886,19,109,531,640
13887,20,89,368,457
13888,21,72,245,317
13889,22,50,157,207
13890,23,16,97,113
13891,0,15,32,47
13892,1,2,16,18
13893,2,6,7,13
13894,3,0,6,6
13895,4,2,7,9
13896,5,3,33,36
13897,6,3,176,179
13898,7,21,481,502
13899,8,41,664,705
13900,9,44,283,327
13901,10,89,161,250
13902,11,84,130,214
13903,12,86,197,283
13904,13,68,185,253
13905,14,76,185,261
13906,15,100,206,306
13907,16,101,344,445
13908,17,125,743,868
13909,18,103,711,814
13910,19,104,506,610
13911,20,74,374,448
13912,21,70,247,317
13913,22,43,181,224
13914,23,18,120,138
13915,0,12,46,58
13916,1,3,20,23
13917,2,1,5,6
13918,3,1,6,7
13919,4,1,6,7
13920,5,3,40,43
13921,6,4,169,173
13922,7,24,458,482
13923,8,48,689,737
13924,9,33,308,341
13925,10,63,151,214
13926,11,80,159,239
13927,12,63,217,280
13928,13,101,212,313
13929,14,63,173,236
13930,15,110,168,278
13931,16,113,328,441
13932,17,107,751,858
13933,18,117,745,862
13934,19,119,567,686
13935,20,76,424,500
13936,21,70,311,381
13937,22,35,198,233
13938,23,16,120,136
13939,0,16,51,67
13940,1,5,23,28
13941,2,2,12,14
13942,3,1,5,6
13943,4,0,10,10
13944,5,4,37,41
13945,6,5,162,167
13946,7,24,451,475
13947,8,28,670,698
13948,9,54,299,353
13949,10,72,133,205
13950,11,94,166,260
13951,12,85,192,277
13952,13,80,201,281
13953,14,86,161,247
13954,15,63,204,267
13955,16,97,320,417
13956,17,111,699,810
13957,18,78,733,811
13958,19,90,533,623
13959,20,91,387,478
13960,21,50,286,336
13961,22,41,218,259
13962,23,19,137,156
13963,0,17,68,85
13964,1,6,35,41
13965,2,6,14,20
13966,3,3,6,9
13967,4,0,7,7
13968,5,4,29,33
13969,6,3,41,44
13970,7,5,128,133
13971,8,7,112,119
13972,9,21,199,220
13973,10,27,166,193
13974,11,73,178,251
13975,12,75,240,315
13976,13,66,224,290
13977,14,71,236,307
13978,15,100,224,324
13979,16,96,371,467
13980,17,111,619,730
13981,18,88,552,640
13982,19,98,394,492
13983,20,55,315,370
13984,21,50,236,286
13985,22,50,168,218
13986,23,33,159,192
13987,0,38,142,180
13988,1,32,84,116
13989,2,19,66,85
13990,3,2,19,21
13991,4,3,7,10
13992,5,2,9,11
13993,6,5,18,23
13994,7,8,54,62
13995,8,30,132,162
13996,9,54,217,271
13997,10,125,282,407
13998,11,203,296,499
13999,12,214,332,546
14000,13,228,341,569
14001,14,248,290,538
14002,15,246,316,562
14003,16,227,304,531
14004,17,220,292,512
14005,18,107,193,300
14006,19,97,178,275
14007,20,31,129,160
14008,21,26,102,128
14009,22,40,128,168
14010,23,42,121,163
14011,0,24,96,120
14012,1,21,92,113
14013,2,19,67,86
14014,3,11,37,48
14015,4,2,8,10
14016,5,1,9,10
14017,6,2,14,16
14018,7,9,30,39
14019,8,35,84,119
14020,9,64,153,217
14021,10,88,240,328
14022,11,167,282,449
14023,12,163,342,505
14024,13,178,365,543
14025,14,213,366,579
14026,15,235,342,577
14027,16,213,300,513
14028,17,186,319,505
14029,18,164,327,491
14030,19,148,317,465
14031,20,96,204,300
14032,21,78,142,220
14033,22,40,141,181
14034,23,25,85,110
14035,0,14,33,47
14036,1,3,11,14
14037,2,1,8,9
14038,3,1,5,6
14039,4,0,11,11
14040,5,3,33,36
14041,6,4,155,159
14042,7,11,425,436
14043,8,25,648,673
14044,9,40,265,305
14045,10,88,111,199
14046,11,94,151,245
14047,12,96,180,276
14048,13,79,175,254
14049,14,85,163,248
14050,15,80,194,274
14051,16,116,348,464
14052,17,102,716,818
14053,18,103,709,812
14054,19,88,467,555
14055,20,58,374,432
14056,21,44,246,290
14057,22,44,148,192
14058,23,28,100,128
14059,0,12,48,60
14060,1,8,19,27
14061,2,2,9,11
14062,3,0,3,3
14063,4,0,5,5
14064,5,1,35,36
14065,6,1,63,64
14066,7,1,178,179
14067,8,27,591,618
14068,9,48,354,402
14069,10,53,155,208
14070,11,69,127,196
14071,12,93,207,300
14072,13,83,203,286
14073,14,80,175,255
14074,15,84,199,283
14075,16,95,363,458
14076,17,78,734,812
14077,18,97,757,854
14078,19,94,533,627
14079,20,65,371,436
14080,21,56,252,308
14081,22,28,161,189
14082,23,53,114,167
14083,0,8,52,60
14084,1,6,31,37
14085,2,1,7,8
14086,3,1,10,11
14087,4,0,4,4
14088,5,4,35,39
14089,6,12,160,172
14090,7,25,467,492
14091,8,40,642,682
14092,9,57,310,367
14093,10,70,163,233
14094,11,80,155,235
14095,12,77,230,307
14096,13,88,206,294
14097,14,94,161,255
14098,15,70,196,266
14099,16,91,340,431
14100,17,102,749,851
14101,18,80,768,848
14102,19,124,525,649
14103,20,72,355,427
14104,21,49,266,315
14105,22,29,197,226
14106,23,18,120,138
14107,0,13,63,76
14108,1,3,18,21
14109,2,0,15,15
14110,3,0,4,4
14111,4,2,3,5
14112,5,7,30,37
14113,6,3,162,165
14114,7,16,448,464
14115,8,33,649,682
14116,9,41,296,337
14117,10,78,121,199
14118,11,83,191,274
14119,12,96,247,343
14120,13,81,219,300
14121,14,72,176,248
14122,15,63,197,260
14123,16,79,340,419
14124,17,130,767,897
14125,18,109,723,832
14126,19,119,558,677
14127,20,100,414,514
14128,21,83,273,356
14129,22,69,185,254
14130,23,58,168,226
14131,0,21,67,88
14132,1,16,38,54
14133,2,4,15,19
14134,3,0,6,6
14135,4,0,9,9
14136,5,2,34,36
14137,6,6,151,157
14138,7,11,368,379
14139,8,43,625,668
14140,9,58,320,378
14141,10,82,149,231
14142,11,98,205,303
14143,12,110,255,365
14144,13,103,254,357
14145,14,128,200,328
14146,15,127,256,383
14147,16,116,372,488
14148,17,144,647,791
14149,18,108,561,669
14150,19,88,403,491
14151,20,97,262,359
14152,21,57,198,255
14153,22,43,170,213
14154,23,21,100,121
14155,0,6,99,105
14156,1,14,78,92
14157,2,4,39,43
14158,3,7,23,30
14159,4,5,8,13
14160,5,2,7,9
14161,6,4,23,27
14162,7,12,52,64
14163,8,28,161,189
14164,9,81,211,292
14165,10,166,314,480
14166,11,180,356,536
14167,12,266,388,654
14168,13,289,355,644
14169,14,242,356,598
14170,15,250,346,596
14171,16,287,354,641
14172,17,256,379,635
14173,18,225,329,554
14174,19,164,324,488
14175,20,99,242,341
14176,21,90,248,338
14177,22,90,171,261
14178,23,60,175,235
14179,0,44,143,187
14180,1,29,102,131
14181,2,16,103,119
14182,3,21,34,55
14183,4,4,22,26
14184,5,3,8,11
14185,6,5,15,20
14186,7,12,29,41
14187,8,34,90,124
14188,9,86,184,270
14189,10,138,287,425
14190,11,83,189,272
14191,12,112,186,298
14192,13,50,112,162
14193,14,41,108,149
14194,15,89,187,276
14195,16,97,259,356
14196,17,76,267,343
14197,18,86,291,377
14198,19,72,269,341
14199,20,61,213,274
14200,21,36,154,190
14201,22,6,50,56
14202,23,7,39,46
14203,0,1,25,26
14204,1,0,10,10
14205,2,0,5,5
14206,3,0,3,3
14207,4,0,7,7
14208,5,2,35,37
14209,6,6,155,161
14210,7,15,427,442
14211,8,37,618,655
14212,9,55,302,357
14213,10,69,124,193
14214,11,90,151,241
14215,12,66,216,282
14216,13,97,194,291
14217,14,87,188,275
14218,15,102,207,309
14219,16,103,357,460
14220,17,83,810,893
14221,18,89,726,815
14222,19,33,266,299
14223,20,30,231,261
14224,21,26,219,245
14225,22,25,136,161
14226,23,10,92,102
14227,0,7,52,59
14228,1,11,22,33
14229,2,1,7,8
14230,3,0,3,3
14231,4,0,4,4
14232,5,4,30,34
14233,6,5,164,169
14234,7,19,500,519
14235,8,27,696,723
14236,9,47,281,328
14237,10,58,120,178
14238,11,61,195,256
14239,12,79,226,305
14240,13,76,255,331
14241,14,110,192,302
14242,15,76,226,302
14243,16,109,358,467
14244,17,92,786,878
14245,18,93,532,625
14246,19,56,420,476
14247,20,62,296,358
14248,21,41,239,280
14249,22,24,208,232
14250,23,23,113,136
14251,0,9,46,55
14252,1,1,20,21
14253,2,7,10,17
14254,3,0,7,7
14255,4,1,7,8
14256,5,2,38,40
14257,6,12,175,187
14258,7,16,537,553
14259,8,37,703,740
14260,9,41,335,376
14261,10,66,159,225
14262,11,71,196,267
14263,12,59,253,312
14264,13,74,242,316
14265,14,82,184,266
14266,15,94,222,316
14267,16,102,358,460
14268,17,72,711,783
14269,18,91,592,683
14270,19,56,524,580
14271,20,59,332,391
14272,21,60,291,351
14273,22,55,226,281
14274,23,27,113,140
14275,0,9,51,60
14276,1,10,15,25
14277,2,9,11,20
14278,3,3,6,9
14279,4,0,6,6
14280,5,1,36,37
14281,6,14,178,192
14282,7,18,463,481
14283,8,45,662,707
14284,9,58,354,412
14285,10,76,157,233
14286,11,86,192,278
14287,12,97,235,332
14288,13,93,253,346
14289,14,114,191,305
14290,15,104,201,305
14291,16,121,344,465
14292,17,111,709,820
14293,18,130,811,941
14294,19,96,537,633
14295,20,70,404,474
14296,21,53,276,329
14297,22,21,177,198
14298,23,24,133,157
14299,0,27,84,111
14300,1,5,37,42
14301,2,1,15,16
14302,3,2,6,8
14303,4,2,6,8
14304,5,1,37,38
14305,6,9,142,151
14306,7,13,412,425
14307,8,41,703,744
14308,9,58,331,389
14309,10,78,184,262
14310,11,69,212,281
14311,12,95,276,371
14312,13,79,272,351
14313,14,109,229,338
14314,15,99,251,350
14315,16,101,414,515
14316,17,117,695,812
14317,18,109,627,736
14318,19,106,430,536
14319,20,66,297,363
14320,21,58,248,306
14321,22,42,209,251
14322,23,38,140,178
14323,0,21,114,135
14324,1,15,100,115
14325,2,18,61,79
14326,3,7,31,38
14327,4,3,9,12
14328,5,4,10,14
14329,6,5,25,30
14330,7,14,88,102
14331,8,29,133,162
14332,9,60,228,288
14333,10,148,294,442
14334,11,143,314,457
14335,12,217,367,584
14336,13,186,331,517
14337,14,150,332,482
14338,15,79,154,233
14339,16,174,260,434
14340,17,132,271,403
14341,18,122,261,383
14342,19,97,257,354
14343,20,65,176,241
14344,21,60,148,208
14345,22,46,136,182
14346,23,34,124,158
14347,0,23,111,134
14348,1,18,116,134
14349,2,12,104,116
14350,3,11,42,53
14351,4,5,11,16
14352,5,3,13,16
14353,6,5,16,21
14354,7,11,23,34
14355,8,21,112,133
14356,9,67,196,263
14357,10,127,258,385
14358,11,150,332,482
14359,12,225,401,626
14360,13,166,375,541
14361,14,125,252,377
14362,15,132,259,391
14363,16,57,116,173
14364,17,61,172,233
14365,18,77,187,264
14366,19,80,212,292
14367,20,40,171,211
14368,21,26,140,166
14369,22,20,94,114
14370,23,21,59,80
14371,0,4,28,32
14372,1,3,4,7
14373,2,0,8,8
14374,3,1,3,4
14375,4,1,11,12
14376,5,4,32,36
14377,6,4,141,145
14378,7,15,418,433
14379,8,29,670,699
14380,9,40,302,342
14381,10,63,143,206
14382,11,47,182,229
14383,12,69,214,283
14384,13,77,211,288
14385,14,66,180,246
14386,15,77,205,282
14387,16,77,367,444
14388,17,101,744,845
14389,18,83,751,834
14390,19,74,499,573
14391,20,50,366,416
14392,21,39,239,278
14393,22,30,131,161
14394,23,35,79,114
14395,0,9,29,38
14396,1,4,17,21
14397,2,2,13,15
14398,3,0,4,4
14399,4,2,6,8
14400,5,3,39,42
14401,6,3,144,147
14402,7,14,255,269
14403,8,25,668,693
14404,9,44,351,395
14405,10,39,165,204
14406,11,47,171,218
14407,12,56,241,297
14408,13,56,232,288
14409,14,72,179,251
14410,15,59,258,317
14411,16,84,396,480
14412,17,90,774,864
14413,18,82,736,818
14414,19,82,515,597
14415,20,87,348,435
14416,21,38,276,314
14417,22,20,196,216
14418,23,17,92,109
14419,0,8,39,47
14420,1,2,12,14
14421,2,2,4,6
14422,3,0,9,9
14423,4,2,8,10
14424,5,3,37,40
14425,6,6,175,181
14426,7,23,531,554
14427,8,28,780,808
14428,9,40,308,348
14429,10,34,144,178
14430,11,67,186,253
14431,12,79,281,360
14432,13,68,232,300
14433,14,87,214,301
14434,15,96,242,338
14435,16,104,389,493
14436,17,108,762,870
14437,18,119,693,812
14438,19,120,523,643
14439,20,49,378,427
14440,21,48,265,313
14441,22,50,185,235
14442,23,34,123,157
14443,0,14,51,65
14444,1,6,17,23
14445,2,3,14,17
14446,3,0,5,5
14447,4,4,4,8
14448,5,2,33,35
14449,6,8,155,163
14450,7,31,501,532
14451,8,53,701,754
14452,9,57,339,396
14453,10,73,161,234
14454,11,85,191,276
14455,12,73,221,294
14456,13,76,214,290
14457,14,74,199,273
14458,15,99,239,338
14459,16,77,405,482
14460,17,93,751,844
14461,18,109,744,853
14462,19,78,532,610
14463,20,68,403,471
14464,21,32,275,307
14465,22,38,253,291
14466,23,19,133,152
14467,0,13,69,82
14468,1,8,24,32
14469,2,9,11,20
14470,3,3,2,5
14471,4,0,7,7
14472,5,2,27,29
14473,6,7,101,108
14474,7,21,400,421
14475,8,36,654,690
14476,9,61,337,398
14477,10,59,197,256
14478,11,88,221,309
14479,12,120,290,410
14480,13,97,271,368
14481,14,112,324,436
14482,15,109,417,526
14483,16,111,417,528
14484,17,129,488,617
14485,18,87,459,546
14486,19,91,361,452
14487,20,102,254,356
14488,21,71,232,303
14489,22,65,212,277
14490,23,32,142,174
14491,0,22,146,168
14492,1,11,68,79
14493,2,8,61,69
14494,3,6,29,35
14495,4,3,9,12
14496,5,2,20,22
14497,6,13,23,36
14498,7,8,58,66
14499,8,28,134,162
14500,9,62,175,237
14501,10,128,289,417
14502,11,219,273,492
14503,12,187,284,471
14504,13,237,267,504
14505,14,240,274,514
14506,15,257,306,563
14507,16,209,253,462
14508,17,205,258,463
14509,18,184,258,442
14510,19,157,235,392
14511,20,67,140,207
14512,21,21,83,104
14513,22,21,57,78
14514,23,57,88,145
14515,0,27,72,99
14516,1,15,58,73
14517,2,28,56,84
14518,3,9,33,42
14519,4,7,15,22
14520,5,2,10,12
14521,6,2,13,15
14522,7,13,29,42
14523,8,30,99,129
14524,9,88,144,232
14525,10,158,230,388
14526,11,226,263,489
14527,12,248,297,545
14528,13,263,230,493
14529,14,249,208,457
14530,15,179,176,355
14531,16,222,252,474
14532,17,219,284,503
14533,18,227,273,500
14534,19,140,152,292
14535,20,63,41,104
14536,21,79,92,171
14537,22,66,100,166
14538,23,53,70,123
14539,0,42,62,104
14540,1,18,37,55
14541,2,10,30,40
14542,3,6,22,28
14543,4,6,5,11
14544,5,1,3,4
14545,6,3,12,15
14546,7,6,37,43
14547,8,36,91,127
14548,9,71,158,229
14549,10,135,224,359
14550,11,187,272,459
14551,12,191,352,543
14552,13,209,357,566
14553,14,163,349,512
14554,15,168,281,449
14555,16,165,335,500
14556,17,181,317,498
14557,18,145,337,482
14558,19,73,301,374
14559,20,78,183,261
14560,21,42,142,184
14561,22,17,104,121
14562,23,12,58,70
14563,0,10,19,29
14564,1,15,9,24
14565,2,1,4,5
14566,3,1,9,10
14567,4,0,8,8
14568,5,1,37,38
14569,6,7,165,172
14570,7,13,480,493
14571,8,15,617,632
14572,9,30,293,323
14573,10,42,130,172
14574,11,39,159,198
14575,12,54,233,287
14576,13,72,203,275
14577,14,72,202,274
14578,15,68,224,292
14579,16,61,397,458
14580,17,110,746,856
14581,18,94,745,839
14582,19,50,502,552
14583,20,47,338,385
14584,21,28,240,268
14585,22,25,154,179
14586,23,12,83,95
14587,0,10,27,37
14588,1,2,11,13
14589,2,0,9,9
14590,3,0,4,4
14591,4,2,3,5
14592,5,1,39,40
14593,6,7,203,210
14594,7,11,489,500
14595,8,33,692,725
14596,9,27,263,290
14597,10,54,181,235
14598,11,61,156,217
14599,12,49,217,266
14600,13,50,184,234
14601,14,34,177,211
14602,15,41,204,245
14603,16,86,344,430
14604,17,83,780,863
14605,18,82,757,839
14606,19,64,598,662
14607,20,55,357,412
14608,21,18,278,296
14609,22,38,181,219
14610,23,24,126,150
14611,0,30,35,65
14612,1,2,16,18
14613,2,1,7,8
14614,3,0,9,9
14615,4,0,8,8
14616,5,3,35,38
14617,6,11,189,200
14618,7,21,461,482
14619,8,24,622,646
14620,9,8,115,123
14621,10,9,40,49
14622,11,10,52,62
14623,12,11,126,137
14624,13,39,152,191
14625,14,38,178,216
14626,15,42,228,270
14627,16,42,374,416
14628,17,67,741,808
14629,18,74,761,835
14630,19,54,504,558
14631,20,50,356,406
14632,21,32,240,272
14633,22,24,193,217
14634,23,19,150,169
14635,0,17,79,96
14636,1,10,19,29
14637,2,1,10,11
14638,3,0,9,9
14639,4,1,7,8
14640,5,1,39,40
14641,6,5,135,140
14642,7,21,465,486
14643,8,29,690,719
14644,9,33,311,344
14645,10,53,171,224
14646,11,81,215,296
14647,12,76,247,323
14648,13,71,283,354
14649,14,66,187,253
14650,15,66,265,331
14651,16,75,395,470
14652,17,88,684,772
14653,18,95,697,792
14654,19,70,498,568
14655,20,51,340,391
14656,21,55,246,301
14657,22,52,247,299
14658,23,28,220,248
14659,0,20,130,150
14660,1,10,107,117
14661,2,9,68,77
14662,3,3,40,43
14663,4,3,8,11
14664,5,2,13,15
14665,6,8,26,34
14666,7,11,71,82
14667,8,33,197,230
14668,9,87,261,348
14669,10,100,322,422
14670,11,173,405,578
14671,12,220,474,694
14672,13,233,435,668
14673,14,260,366,626
14674,15,175,337,512
14675,16,19,95,114
14676,17,52,119,171
14677,18,27,140,167
14678,19,28,187,215
14679,20,28,166,194
14680,21,26,155,181
14681,22,18,176,194
14682,23,12,121,133
14683,0,18,106,124
14684,1,20,104,124
14685,2,15,81,96
14686,3,14,32,46
14687,4,12,16,28
14688,5,16,39,55
14689,6,11,24,35
14690,7,20,50,70
14691,8,27,143,170
14692,9,85,214,299
14693,10,172,323,495
14694,11,194,391,585
14695,12,247,510,757
14696,13,238,491,729
14697,14,232,415,647
14698,15,284,412,696
14699,16,228,473,701
14700,17,213,458,671
14701,18,156,404,560
14702,19,134,362,496
14703,20,91,265,356
14704,21,57,149,206
14705,22,64,125,189
14706,23,22,70,92
14707,0,6,35,41
14708,1,7,11,18
14709,2,11,6,17
14710,3,5,7,12
14711,4,1,4,5
14712,5,4,36,40
14713,6,8,172,180
14714,7,20,427,447
14715,8,33,697,730
14716,9,40,321,361
14717,10,42,168,210
14718,11,69,167,236
14719,12,76,256,332
14720,13,72,251,323
14721,14,107,233,340
14722,15,115,231,346
14723,16,108,380,488
14724,17,127,744,871
14725,18,111,857,968
14726,19,71,562,633
14727,20,34,356,390
14728,21,29,256,285
14729,22,15,144,159
14730,23,7,86,93
14731,0,5,27,32
14732,1,0,10,10
14733,2,1,5,6
14734,3,1,7,8
14735,4,1,8,9
14736,5,3,41,44
14737,6,11,200,211
14738,7,24,572,596
14739,8,48,702,750
14740,9,35,323,358
14741,10,54,142,196
14742,11,60,187,247
14743,12,62,254,316
14744,13,72,256,328
14745,14,74,181,255
14746,15,73,253,326
14747,16,99,437,536
14748,17,168,802,970
14749,18,110,767,877
14750,19,56,540,596
14751,20,40,421,461
14752,21,28,282,310
14753,22,27,189,216
14754,23,18,91,109
14755,0,8,41,49
14756,1,2,19,21
14757,2,2,9,11
14758,3,0,7,7
14759,4,0,5,5
14760,5,4,44,48
14761,6,6,199,205
14762,7,24,533,557
14763,8,43,727,770
14764,9,50,278,328
14765,10,57,148,205
14766,11,51,181,232
14767,12,88,264,352
14768,13,85,238,323
14769,14,78,200,278
14770,15,75,243,318
14771,16,90,419,509
14772,17,114,811,925
14773,18,91,886,977
14774,19,78,557,635
14775,20,38,432,470
14776,21,27,279,306
14777,22,23,189,212
14778,23,16,111,127
14779,0,11,46,57
14780,1,6,22,28
14781,2,0,9,9
14782,3,2,9,11
14783,4,0,6,6
14784,5,3,54,57
14785,6,9,186,195
14786,7,22,549,571
14787,8,33,725,758
14788,9,46,292,338
14789,10,63,149,212
14790,11,71,183,254
14791,12,57,240,297
14792,13,60,223,283
14793,14,60,214,274
14794,15,99,253,352
14795,16,85,406,491
14796,17,97,787,884
14797,18,108,744,852
14798,19,80,594,674
14799,20,55,408,463
14800,21,26,291,317
14801,22,28,223,251
14802,23,33,137,170
14803,0,24,63,87
14804,1,6,35,41
14805,2,7,23,30
14806,3,5,9,14
14807,4,1,11,12
14808,5,1,40,41
14809,6,8,144,152
14810,7,17,437,454
14811,8,51,715,766
14812,9,46,301,347
14813,10,75,171,246
14814,11,84,196,280
14815,12,119,290,409
14816,13,107,301,408
14817,14,113,258,371
14818,15,94,273,367
14819,16,109,454,563
14820,17,137,757,894
14821,18,116,692,808
14822,19,83,496,579
14823,20,67,337,404
14824,21,42,270,312
14825,22,40,189,229
14826,23,27,168,195
14827,0,38,169,207
14828,1,8,101,109
14829,2,18,75,93
14830,3,6,31,37
14831,4,3,3,6
14832,5,1,15,16
14833,6,6,27,33
14834,7,10,63,73
14835,8,43,169,212
14836,9,79,263,342
14837,10,119,323,442
14838,11,228,399,627
14839,12,287,419,706
14840,13,327,377,704
14841,14,325,390,715
14842,15,312,342,654
14843,16,350,433,783
14844,17,295,434,729
14845,18,232,382,614
14846,19,169,309,478
14847,20,89,241,330
14848,21,86,210,296
14849,22,82,197,279
14850,23,47,182,229
14851,0,28,123,151
14852,1,35,82,117
14853,2,27,62,89
14854,3,10,38,48
14855,4,2,6,8
14856,5,3,10,13
14857,6,9,26,35
14858,7,28,43,71
14859,8,34,94,128
14860,9,70,226,296
14861,10,160,330,490
14862,11,183,376,559
14863,12,188,468,656
14864,13,240,454,694
14865,14,225,410,635
14866,15,215,342,557
14867,16,194,402,596
14868,17,177,393,570
14869,18,120,361,481
14870,19,91,312,403
14871,20,57,267,324
14872,21,43,148,191
14873,22,18,109,127
14874,23,9,85,94
14875,0,14,31,45
14876,1,9,12,21
14877,2,5,8,13
14878,3,0,7,7
14879,4,2,9,11
14880,5,1,44,45
14881,6,7,157,164
14882,7,18,474,492
14883,8,36,647,683
14884,9,34,265,299
14885,10,73,129,202
14886,11,61,191,252
14887,12,62,233,295
14888,13,112,231,343
14889,14,129,203,332
14890,15,82,256,338
14891,16,74,379,453
14892,17,102,740,842
14893,18,66,708,774
14894,19,51,435,486
14895,20,32,308,340
14896,21,28,205,233
14897,22,20,109,129
14898,23,4,66,70
14899,0,2,11,13
14900,1,0,5,5
14901,2,0,4,4
14902,3,0,6,6
14903,4,2,5,7
14904,5,3,45,48
14905,6,4,163,167
14906,7,13,343,356
14907,8,32,640,672
14908,9,27,266,293
14909,10,30,130,160
14910,11,36,115,151
14911,12,16,72,88
14912,13,17,97,114
14913,14,27,116,143
14914,15,1,35,36
14915,16,19,122,141
14916,17,36,302,338
14917,18,19,262,281
14918,19,22,302,324
14919,20,19,271,290
14920,21,21,186,207
14921,22,14,137,151
14922,23,11,67,78
14923,0,3,23,26
14924,1,0,12,12
14925,2,0,3,3
14926,3,1,4,5
14927,4,0,10,10
14928,5,2,54,56
14929,6,6,166,172
14930,7,16,529,545
14931,8,39,758,797
14932,9,26,336,362
14933,10,23,169,192
14934,11,44,203,247
14935,12,53,260,313
14936,13,55,234,289
14937,14,59,227,286
14938,15,57,254,311
14939,16,69,397,466
14940,17,74,812,886
14941,18,85,807,892
14942,19,72,539,611
14943,20,31,378,409
14944,21,25,324,349
14945,22,31,198,229
14946,23,17,106,123
14947,0,12,46,58
14948,1,4,14,18
14949,2,2,9,11
14950,3,0,6,6
14951,4,0,6,6
14952,5,4,52,56
14953,6,9,161,170
14954,7,20,514,534
14955,8,44,746,790
14956,9,25,330,355
14957,10,33,157,190
14958,11,37,206,243
14959,12,57,233,290
14960,13,68,268,336
14961,14,76,222,298
14962,15,60,231,291
14963,16,72,385,457
14964,17,91,885,976
14965,18,119,781,900
14966,19,69,534,603
14967,20,57,360,417
14968,21,28,246,274
14969,22,35,252,287
14970,23,17,137,154
14971,0,13,53,66
14972,1,11,38,49
14973,2,6,8,14
14974,3,1,11,12
14975,4,1,9,10
14976,5,2,47,49
14977,6,19,146,165
14978,7,35,468,503
14979,8,31,726,757
14980,9,35,348,383
14981,10,44,181,225
14982,11,79,242,321
14983,12,84,305,389
14984,13,105,316,421
14985,14,113,299,412
14986,15,90,333,423
14987,16,103,464,567
14988,17,107,739,846
14989,18,106,699,805
14990,19,95,493,588
14991,20,54,315,369
14992,21,46,266,312
14993,22,47,248,295
14994,23,23,163,186
14995,0,32,140,172
14996,1,18,106,124
14997,2,10,73,83
14998,3,6,39,45
14999,4,5,10,15
15000,5,2,15,17
15001,6,6,35,41
15002,7,7,70,77
15003,8,21,197,218
15004,9,88,289,377
15005,10,124,350,474
15006,11,189,437,626
15007,12,228,460,688
15008,13,273,434,707
15009,14,250,404,654
15010,15,307,443,750
15011,16,253,427,680
15012,17,195,451,646
15013,18,171,427,598
15014,19,99,308,407
15015,20,76,249,325
15016,21,59,202,261
15017,22,59,180,239
15018,23,34,137,171
15019,0,34,146,180
15020,1,23,119,142
15021,2,18,77,95
15022,3,13,41,54
15023,4,1,9,10
15024,5,1,5,6
15025,6,5,11,16
15026,7,9,48,57
15027,8,38,137,175
15028,9,71,205,276
15029,10,138,351,489
15030,11,186,384,570
15031,12,250,526,776
15032,13,257,445,702
15033,14,266,400,666
15034,15,265,375,640
15035,16,254,437,691
15036,17,227,496,723
15037,18,135,405,540
15038,19,82,331,413
15039,20,60,192,252
15040,21,51,145,196
15041,22,40,98,138
15042,23,30,70,100
15043,0,10,54,64
15044,1,6,12,18
15045,2,0,8,8
15046,3,0,5,5
15047,4,0,8,8
15048,5,2,35,37
15049,6,6,162,168
15050,7,17,513,530
15051,8,31,719,750
15052,9,42,286,328
15053,10,52,146,198
15054,11,71,167,238
15055,12,77,265,342
15056,13,80,248,328
15057,14,77,226,303
15058,15,84,216,300
15059,16,99,417,516
15060,17,89,809,898
15061,18,95,758,853
15062,19,56,534,590
15063,20,52,380,432
15064,21,26,230,256
15065,22,18,154,172
15066,23,11,83,94
15067,0,8,56,64
15068,1,2,11,13
15069,2,5,9,14
15070,3,2,3,5
15071,4,2,7,9
15072,5,1,46,47
15073,6,5,189,194
15074,7,17,539,556
15075,8,41,764,805
15076,9,28,381,409
15077,10,45,125,170
15078,11,63,155,218
15079,12,69,233,302
15080,13,48,257,305
15081,14,80,213,293
15082,15,56,247,303
15083,16,59,436,495
15084,17,107,860,967
15085,18,64,758,822
15086,19,49,490,539
15087,20,37,388,425
15088,21,34,263,297
15089,22,14,174,188
15090,23,9,89,98
15091,0,6,34,40
15092,1,10,19,29
15093,2,2,15,17
15094,3,4,6,10
15095,4,2,12,14
15096,5,1,35,36
15097,6,3,179,182
15098,7,9,523,532
15099,8,30,808,838
15100,9,27,307,334
15101,10,29,156,185
15102,11,46,181,227
15103,12,56,260,316
15104,13,67,273,340
15105,14,60,217,277
15106,15,69,231,300
15107,16,71,397,468
15108,17,77,876,953
15109,18,69,815,884
15110,19,38,589,627
15111,20,45,389,434
15112,21,32,328,360
15113,22,21,194,215
15114,23,13,102,115
15115,0,5,60,65
15116,1,5,16,21
15117,2,3,13,16
15118,3,0,7,7
15119,4,2,6,8
15120,5,2,64,66
15121,6,5,164,169
15122,7,12,546,558
15123,8,20,774,794
15124,9,30,305,335
15125,10,40,168,208
15126,11,67,227,294
15127,12,63,272,335
15128,13,61,265,326
15129,14,44,214,258
15130,15,41,255,296
15131,16,73,399,472
15132,17,87,818,905
15133,18,77,822,899
15134,19,48,511,559
15135,20,45,412,457
15136,21,18,235,253
15137,22,2,45,47
15138,23,1,44,45
15139,0,2,15,17
15140,1,0,13,13
15141,2,1,9,10
15142,3,0,7,7
15143,4,2,10,12
15144,5,1,37,38
15145,6,2,136,138
15146,7,10,384,394
15147,8,31,674,705
15148,9,27,399,426
15149,10,51,194,245
15150,11,109,252,361
15151,12,94,286,380
15152,13,106,304,410
15153,14,105,294,399
15154,15,104,288,392
15155,16,83,419,502
15156,17,101,707,808
15157,18,58,609,667
15158,19,38,470,508
15159,20,32,304,336
15160,21,32,205,237
15161,22,30,190,220
15162,23,26,164,190
15163,0,15,134,149
15164,1,12,89,101
15165,2,12,80,92
15166,3,4,25,29
15167,4,6,8,14
15168,5,2,13,15
15169,6,4,33,37
15170,7,12,61,73
15171,8,37,174,211
15172,9,69,263,332
15173,10,134,338,472
15174,11,217,446,663
15175,12,191,491,682
15176,13,233,453,686
15177,14,302,448,750
15178,15,271,456,727
15179,16,275,447,722
15180,17,256,456,712
15181,18,174,420,594
15182,19,119,351,470
15183,20,88,227,315
15184,21,73,219,292
15185,22,48,173,221
15186,23,35,161,196
15187,0,35,112,147
15188,1,31,85,116
15189,2,21,71,92
15190,3,17,41,58
15191,4,1,6,7
15192,5,1,9,10
15193,6,2,20,22
15194,7,14,43,57
15195,8,18,126,144
15196,9,74,211,285
15197,10,160,319,479
15198,11,222,369,591
15199,12,206,474,680
15200,13,180,414,594
15201,14,208,404,612
15202,15,230,419,649
15203,16,202,446,648
15204,17,195,380,575
15205,18,91,310,401
15206,19,34,223,257
15207,20,31,163,194
15208,21,19,104,123
15209,22,15,76,91
15210,23,8,49,57
15211,0,6,39,45
15212,1,5,13,18
15213,2,6,6,12
15214,3,1,6,7
15215,4,0,10,10
15216,5,2,34,36
15217,6,8,147,155
15218,7,13,470,483
15219,8,40,744,784
15220,9,26,314,340
15221,10,44,135,179
15222,11,76,196,272
15223,12,61,262,323
15224,13,80,225,305
15225,14,51,193,244
15226,15,95,234,329
15227,16,51,408,459
15228,17,65,791,856
15229,18,42,571,613
15230,19,33,483,516
15231,20,11,251,262
15232,21,13,205,218
15233,22,17,190,207
15234,23,17,88,105
15235,0,1,30,31
15236,1,0,11,11
15237,2,0,2,2
15238,3,1,4,5
15239,4,2,8,10
15240,5,1,42,43
15241,6,3,176,179
15242,7,4,256,260
15243,8,6,128,134
15244,9,3,83,86
15245,10,3,42,45
15246,11,7,92,99
15247,12,6,98,104
15248,13,6,148,154
15249,14,16,147,163
15250,15,14,195,209
15251,16,46,328,374
15252,17,38,677,715
15253,18,48,639,687
15254,19,27,368,395
15255,20,20,286,306
15256,21,24,265,289
15257,22,28,212,240
15258,23,11,87,98
15259,0,5,47,52
15260,1,3,16,19
15261,2,2,7,9
15262,3,0,7,7
15263,4,2,9,11
15264,5,2,32,34
15265,6,4,173,177
15266,7,11,504,515
15267,8,28,781,809
15268,9,30,332,362
15269,10,29,146,175
15270,11,52,178,230
15271,12,69,289,358
15272,13,55,224,279
15273,14,56,195,251
15274,15,59,260,319
15275,16,42,436,478
15276,17,84,833,917
15277,18,54,756,810
15278,19,49,544,593
15279,20,48,449,497
15280,21,14,195,209
15281,22,9,232,241
15282,23,21,199,220
15283,0,11,65,76
15284,1,2,23,25
15285,2,3,10,13
15286,3,5,6,11
15287,4,0,10,10
15288,5,2,37,39
15289,6,1,132,133
15290,7,12,379,391
15291,8,27,711,738
15292,9,40,319,359
15293,10,27,150,177
15294,11,38,176,214
15295,12,57,231,288
15296,13,63,231,294
15297,14,56,211,267
15298,15,77,248,325
15299,16,86,411,497
15300,17,112,789,901
15301,18,75,812,887
15302,19,67,467,534
15303,20,50,391,441
15304,21,33,288,321
15305,22,29,203,232
15306,23,18,137,155
15307,0,16,86,102
15308,1,3,43,46
15309,2,1,10,11
15310,3,5,11,16
15311,4,0,11,11
15312,5,0,41,41
15313,6,4,133,137
15314,7,11,417,428
15315,8,36,749,785
15316,9,58,326,384
15317,10,68,192,260
15318,11,90,214,304
15319,12,161,307,468
15320,13,117,307,424
15321,14,113,287,400
15322,15,150,320,470
15323,16,153,481,634
15324,17,158,742,900
15325,18,106,655,761
15326,19,67,433,500
15327,20,66,306,372
15328,21,47,220,267
15329,22,63,201,264
15330,23,23,148,171
15331,0,37,154,191
15332,1,25,116,141
15333,2,13,62,75
15334,3,2,54,56
15335,4,4,7,11
15336,5,2,8,10
15337,6,2,28,30
15338,7,13,71,84
15339,8,22,184,206
15340,9,130,265,395
15341,10,198,341,539
15342,11,258,389,647
15343,12,362,381,743
15344,13,310,400,710
15345,14,269,307,576
15346,15,279,341,620
15347,16,317,342,659
15348,17,268,342,610
15349,18,183,312,495
15350,19,102,239,341
15351,20,75,172,247
15352,21,78,137,215
15353,22,45,140,185
15354,23,37,142,179
15355,0,28,99,127
15356,1,29,80,109
15357,2,10,64,74
15358,3,5,17,22
15359,4,5,6,11
15360,5,2,8,10
15361,6,4,19,23
15362,7,6,29,35
15363,8,11,51,62
15364,9,16,70,86
15365,10,41,144,185
15366,11,76,260,336
15367,12,100,292,392
15368,13,80,240,320
15369,14,71,243,314
15370,15,74,232,306
15371,16,87,246,333
15372,17,35,122,157
15373,18,24,82,106
15374,19,17,97,114
15375,20,19,97,116
15376,21,22,91,113
15377,22,7,72,79
15378,23,12,68,80
15379,0,7,44,51
15380,1,2,35,37
15381,2,3,12,15
15382,3,2,8,10
15383,4,1,6,7
15384,5,2,17,19
15385,6,5,54,59
15386,7,3,151,154
15387,8,23,374,397
15388,9,59,273,332
15389,10,69,229,298
15390,11,72,236,308
15391,12,74,267,341
15392,13,82,323,405
15393,14,121,299,420
15394,15,76,294,370
15395,16,61,316,377
15396,17,81,416,497
15397,18,41,415,456
15398,19,38,333,371
15399,20,20,207,227
15400,21,17,134,151
15401,22,6,101,107
15402,23,9,60,69
15403,0,9,22,31
15404,1,0,13,13
15405,2,2,5,7
15406,3,0,3,3
15407,4,1,6,7
15408,5,0,19,19
15409,6,2,141,143
15410,7,5,357,362
15411,8,15,698,713
15412,9,37,345,382
15413,10,33,131,164
15414,11,37,156,193
15415,12,43,217,260
15416,13,54,184,238
15417,14,43,201,244
15418,15,59,195,254
15419,16,70,354,424
15420,17,73,733,806
15421,18,26,758,784
15422,19,31,483,514
15423,20,30,330,360
15424,21,16,209,225
15425,22,7,155,162
15426,23,8,76,84
15427,0,0,33,33
15428,1,2,6,8
15429,2,2,6,8
15430,3,0,6,6
15431,4,0,6,6
15432,5,2,38,40
15433,6,3,172,175
15434,7,9,498,507
15435,8,33,806,839
15436,9,35,331,366
15437,10,27,190,217
15438,11,53,238,291
15439,12,78,312,390
15440,13,60,237,297
15441,14,63,208,271
15442,15,58,261,319
15443,16,92,474,566
15444,17,91,857,948
15445,18,57,787,844
15446,19,32,534,566
15447,20,21,371,392
15448,21,18,251,269
15449,22,27,170,197
15450,23,17,119,136
15451,0,1,41,42
15452,1,1,10,11
15453,2,4,7,11
15454,3,0,3,3
15455,4,0,10,10
15456,5,0,42,42
15457,6,1,158,159
15458,7,11,467,478
15459,8,25,773,798
15460,9,27,328,355
15461,10,39,165,204
15462,11,76,175,251
15463,12,47,279,326
15464,13,48,243,291
15465,14,78,270,348
15466,15,102,358,460
15467,16,68,413,481
15468,17,90,737,827
15469,18,64,628,692
15470,19,81,662,743
15471,20,27,388,415
15472,21,24,236,260
15473,22,10,167,177
15474,23,10,176,186
15475,0,8,60,68
15476,1,8,29,37
15477,2,0,16,16
15478,3,0,6,6
15479,4,0,8,8
15480,5,2,33,35
15481,6,3,140,143
15482,7,8,384,392
15483,8,34,711,745
15484,9,26,374,400
15485,10,75,200,275
15486,11,61,252,313
15487,12,75,312,387
15488,13,81,300,381
15489,14,109,262,371
15490,15,138,317,455
15491,16,108,412,520
15492,17,131,706,837
15493,18,76,566,642
15494,19,40,453,493
15495,20,28,280,308
15496,21,21,169,190
15497,22,17,143,160
15498,23,11,89,100
15499,0,31,218,249
15500,1,23,123,146
15501,2,7,60,67
15502,3,2,13,15
15503,4,2,9,11
15504,5,0,11,11
15505,6,5,23,28
15506,7,10,60,70
15507,8,23,151,174
15508,9,46,220,266
15509,10,82,265,347
15510,11,192,335,527
15511,12,202,371,573
15512,13,235,435,670
15513,14,243,354,597
15514,15,251,364,615
15515,16,294,343,637
15516,17,193,335,528
15517,18,174,299,473
15518,19,73,259,332
15519,20,57,198,255
15520,21,47,157,204
15521,22,33,156,189
15522,23,27,98,125
15523,0,8,103,111
15524,1,16,96,112
15525,2,8,58,66
15526,3,3,25,28
15527,4,2,10,12
15528,5,5,6,11
15529,6,4,20,24
15530,7,7,44,51
15531,8,28,104,132
15532,9,62,161,223
15533,10,150,278,428
15534,11,156,338,494
15535,12,200,362,562
15536,13,218,401,619
15537,14,249,368,617
15538,15,213,355,568
15539,16,203,378,581
15540,17,193,346,539
15541,18,134,319,453
15542,19,68,268,336
15543,20,48,198,246
15544,21,40,156,196
15545,22,38,87,125
15546,23,27,78,105
15547,0,17,31,48
15548,1,5,24,29
15549,2,1,5,6
15550,3,2,2,4
15551,4,1,9,10
15552,5,2,38,40
15553,6,6,141,147
15554,7,15,461,476
15555,8,24,713,737
15556,9,31,328,359
15557,10,43,125,168
15558,11,88,175,263
15559,12,73,211,284
15560,13,37,109,146
15561,14,57,128,185
15562,15,70,190,260
15563,16,76,371,447
15564,17,96,670,766
15565,18,52,540,592
15566,19,12,227,239
15567,20,19,237,256
15568,21,16,190,206
15569,22,8,118,126
15570,23,9,72,81
15571,0,3,45,48
15572,1,4,9,13
15573,2,2,1,3
15574,3,0,2,2
15575,4,0,7,7
15576,5,5,47,52
15577,6,4,168,172
15578,7,20,505,525
15579,8,35,800,835
15580,9,32,323,355
15581,10,65,157,222
15582,11,56,172,228
15583,12,69,256,325
15584,13,68,260,328
15585,14,94,214,308
15586,15,76,270,346
15587,16,79,367,446
15588,17,104,839,943
15589,18,71,767,838
15590,19,40,491,531
15591,20,35,397,432
15592,21,19,176,195
15593,22,18,163,181
15594,23,23,176,199
15595,0,1,48,49
15596,1,3,14,17
15597,2,4,12,16
15598,3,0,7,7
15599,4,0,4,4
15600,5,2,39,41
15601,6,7,171,178
15602,7,15,449,464
15603,8,38,779,817
15604,9,38,344,382
15605,10,60,168,228
15606,11,78,156,234
15607,12,71,261,332
15608,13,73,237,310
15609,14,82,188,270
15610,15,62,239,301
15611,16,70,396,466
15612,17,122,766,888
15613,18,90,794,884
15614,19,49,467,516
15615,20,54,360,414
15616,21,28,301,329
15617,22,17,198,215
15618,23,15,84,99
15619,0,4,53,57
15620,1,0,14,14
15621,2,1,13,14
15622,3,0,5,5
15623,4,0,5,5
15624,5,1,41,42
15625,6,3,150,153
15626,7,20,488,508
15627,8,31,803,834
15628,9,41,346,387
15629,10,60,158,218
15630,11,79,189,268
15631,12,93,284,377
15632,13,96,236,332
15633,14,94,191,285
15634,15,69,284,353
15635,16,94,356,450
15636,17,102,788,890
15637,18,68,720,788
15638,19,42,471,513
15639,20,39,348,387
15640,21,38,245,283
15641,22,27,202,229
15642,23,6,111,117
15643,0,5,51,56
15644,1,4,12,16
15645,2,1,9,10
15646,3,0,5,5
15647,4,1,5,6
15648,5,1,35,36
15649,6,5,126,131
15650,7,5,149,154
15651,8,20,447,467
15652,9,26,363,389
15653,10,26,198,224
15654,11,41,211,252
15655,12,74,258,332
15656,13,87,288,375
15657,14,88,277,365
15658,15,93,302,395
15659,16,131,434,565
15660,17,48,377,425
15661,18,21,212,233
15662,19,19,213,232
15663,20,13,216,229
15664,21,17,189,206
15665,22,14,176,190
15666,23,13,118,131
15667,0,13,110,123
15668,1,2,93,95
15669,2,9,69,78
15670,3,2,27,29
15671,4,9,9,18
15672,5,6,7,13
15673,6,5,26,31
15674,7,6,59,65
15675,8,29,164,193
15676,9,106,257,363
15677,10,111,312,423
15678,11,204,408,612
15679,12,267,436,703
15680,13,273,441,714
15681,14,335,376,711
15682,15,308,403,711
15683,16,325,366,691
15684,17,347,384,731
15685,18,165,356,521
15686,19,77,268,345
15687,20,61,198,259
15688,21,72,224,296
15689,22,47,155,202
15690,23,27,136,163
15691,0,35,119,154
15692,1,20,97,117
15693,2,44,88,132
15694,3,12,29,41
15695,4,8,13,21
15696,5,6,4,10
15697,6,8,18,26
15698,7,13,43,56
15699,8,39,104,143
15700,9,77,192,269
15701,10,167,276,443
15702,11,191,356,547
15703,12,236,439,675
15704,13,243,383,626
15705,14,235,405,640
15706,15,240,383,623
15707,16,182,409,591
15708,17,153,338,491
15709,18,71,342,413
15710,19,50,216,266
15711,20,35,160,195
15712,21,42,124,166
15713,22,18,95,113
15714,23,7,59,66
15715,0,3,28,31
15716,1,0,11,11
15717,2,1,4,5
15718,3,1,5,6
15719,4,1,6,7
15720,5,2,44,46
15721,6,4,140,144
15722,7,15,437,452
15723,8,32,696,728
15724,9,25,335,360
15725,10,51,161,212
15726,11,63,148,211
15727,12,52,231,283
15728,13,88,227,315
15729,14,73,209,282
15730,15,74,222,296
15731,16,80,444,524
15732,17,84,838,922
15733,18,60,726,786
15734,19,36,478,514
15735,20,21,382,403
15736,21,19,155,174
15737,22,25,158,183
15738,23,20,143,163
15739,0,5,32,37
15740,1,1,16,17
15741,2,1,6,7
15742,3,0,1,1
15743,4,1,6,7
15744,5,1,49,50
15745,6,6,152,158
15746,7,12,519,531
15747,8,28,733,761
15748,9,29,305,334
15749,10,50,171,221
15750,11,52,201,253
15751,12,80,298,378
15752,13,59,244,303
15753,14,67,229,296
15754,15,76,270,346
15755,16,108,433,541
15756,17,67,871,938
15757,18,64,762,826
15758,19,25,457,482
15759,20,45,334,379
15760,21,35,260,295
15761,22,20,174,194
15762,23,9,102,111
15763,0,7,39,46
15764,1,4,23,27
15765,2,0,6,6
15766,3,0,4,4
15767,4,1,5,6
15768,5,1,52,53
15769,6,11,162,173
15770,7,20,506,526
15771,8,24,777,801
15772,9,24,349,373
15773,10,29,142,171
15774,11,47,189,236
15775,12,48,268,316
15776,13,65,241,306
15777,14,64,237,301
15778,15,63,245,308
15779,16,67,465,532
15780,17,87,876,963
15781,18,63,795,858
15782,19,50,522,572
15783,20,45,396,441
15784,21,33,280,313
15785,22,30,208,238
15786,23,12,111,123
15787,0,19,57,76
15788,1,6,22,28
15789,2,3,15,18
15790,3,0,8,8
15791,4,1,4,5
15792,5,2,53,55
15793,6,3,168,171
15794,7,18,477,495
15795,8,33,746,779
15796,9,23,320,343
15797,10,53,172,225
15798,11,57,181,238
15799,12,61,258,319
15800,13,49,264,313
15801,14,71,214,285
15802,15,63,242,305
15803,16,92,407,499
15804,17,112,774,886
15805,18,77,732,809
15806,19,45,497,542
15807,20,28,319,347
15808,21,24,247,271
15809,22,22,185,207
15810,23,13,122,135
15811,0,6,65,71
15812,1,4,32,36
15813,2,4,15,19
15814,3,5,8,13
15815,4,1,4,5
15816,5,3,47,50
15817,6,2,142,144
15818,7,13,408,421
15819,8,20,714,734
15820,9,56,347,403
15821,10,41,156,197
15822,11,68,222,290
15823,12,90,302,392
15824,13,77,260,337
15825,14,99,252,351
15826,15,142,306,448
15827,16,137,445,582
15828,17,125,692,817
15829,18,81,584,665
15830,19,72,399,471
15831,20,40,271,311
15832,21,40,252,292
15833,22,37,180,217
15834,23,19,159,178
15835,0,10,132,142
15836,1,23,123,146
15837,2,19,71,90
15838,3,5,21,26
15839,4,1,12,13
15840,5,2,7,9
15841,6,2,29,31
15842,7,7,79,86
15843,8,26,187,213
15844,9,88,240,328
15845,10,165,314,479
15846,11,197,388,585
15847,12,264,404,668
15848,13,310,450,760
15849,14,325,425,750
15850,15,310,401,711
15851,16,257,355,612
15852,17,248,370,618
15853,18,138,318,456
15854,19,67,233,300
15855,20,58,238,296
15856,21,49,160,209
15857,22,41,116,157
15858,23,31,136,167
15859,0,20,97,117
15860,1,22,111,133
15861,2,17,99,116
15862,3,18,61,79
15863,4,1,19,20
15864,5,6,22,28
15865,6,7,32,39
15866,7,17,48,65
15867,8,55,118,173
15868,9,124,206,330
15869,10,120,314,434
15870,11,110,352,462
15871,12,118,373,491
15872,13,75,316,391
15873,14,98,304,402
15874,15,76,225,301
15875,16,42,251,293
15876,17,37,188,225
15877,18,18,136,154
15878,19,7,47,54
15879,20,4,51,55
15880,21,2,44,46
15881,22,2,35,37
15882,23,2,12,14
15883,0,2,20,22
15884,13,11,105,116
15885,14,8,118,126
15886,15,10,114,124
15887,16,15,83,98
15888,17,19,105,124
15889,18,4,139,143
15890,19,6,109,115
15891,20,5,76,81
15892,21,4,60,64
15893,22,2,64,66
15894,23,3,36,39
15895,0,0,16,16
15896,1,0,8,8
15897,2,0,7,7
15898,3,0,3,3
15899,4,0,5,5
15900,5,0,24,24
15901,6,0,116,116
15902,7,3,334,337
15903,8,6,615,621
15904,9,17,280,297
15905,10,21,147,168
15906,11,37,152,189
15907,12,44,197,241
15908,13,22,191,213
15909,14,45,179,224
15910,15,33,197,230
15911,16,51,373,424
15912,17,39,684,723
15913,18,28,556,584
15914,19,27,383,410
15915,20,9,259,268
15916,21,12,180,192
15917,22,18,147,165
15918,23,7,94,101
15919,0,8,52,60
15920,1,8,22,30
15921,2,10,10,20
15922,3,5,10,15
15923,4,2,8,10
15924,5,1,39,40
15925,6,2,146,148
15926,7,6,414,420
15927,8,12,668,680
15928,9,21,310,331
15929,10,13,133,146
15930,11,14,156,170
15931,12,23,198,221
15932,13,49,199,248
15933,14,31,154,185
15934,15,35,179,214
15935,16,31,313,344
15936,17,37,652,689
15937,18,50,628,678
15938,19,28,424,452
15939,20,16,280,296
15940,21,29,238,267
15941,22,27,175,202
15942,23,8,112,120
15943,0,10,40,50
15944,1,5,19,24
15945,2,3,7,10
15946,3,0,3,3
15947,4,1,6,7
15948,5,1,25,26
15949,6,2,120,122
15950,7,8,349,357
15951,8,31,656,687
15952,9,27,355,382
15953,10,21,183,204
15954,11,42,179,221
15955,12,52,240,292
15956,13,64,230,294
15957,14,63,199,262
15958,15,51,255,306
15959,16,48,373,421
15960,17,57,581,638
15961,18,32,490,522
15962,19,38,336,374
15963,20,14,207,221
15964,21,23,133,156
15965,22,14,135,149
15966,23,11,108,119
15967,0,9,99,108
15968,1,6,83,89
15969,2,10,36,46
15970,3,6,22,28
15971,4,8,8,16
15972,5,1,8,9
15973,6,4,17,21
15974,7,1,58,59
15975,8,10,132,142
15976,9,31,188,219
15977,10,68,260,328
15978,11,56,284,340
15979,12,74,320,394
15980,13,110,339,449
15981,14,136,319,455
15982,15,117,331,448
15983,16,108,292,400
15984,17,112,298,410
15985,18,58,239,297
15986,19,22,217,239
15987,20,23,158,181
15988,21,31,135,166
15989,22,13,133,146
15990,23,15,133,148
15991,0,5,97,102
15992,1,26,139,165
15993,2,6,31,37
15994,3,1,10,11
15995,4,2,7,9
15996,5,0,5,5
15997,6,2,14,16
15998,7,11,39,50
15999,8,34,115,149
16000,9,56,161,217
16001,10,73,287,360
16002,11,134,311,445
16003,12,150,354,504
16004,13,122,371,493
16005,14,149,360,509
16006,15,149,300,449
16007,16,119,316,435
16008,17,57,270,327
16009,18,31,206,237
16010,19,24,203,227
16011,20,7,134,141
16012,21,16,71,87
16013,22,15,64,79
16014,23,12,41,53
16015,0,3,20,23
16016,1,0,8,8
16017,2,2,4,6
16018,3,1,3,4
16019,4,5,11,16
16020,5,1,38,39
16021,6,4,135,139
16022,7,8,453,461
16023,8,19,629,648
16024,9,18,239,257
16025,10,30,112,142
16026,11,31,119,150
16027,12,38,206,244
16028,13,39,183,222
16029,14,31,165,196
16030,15,24,207,231
16031,16,35,325,360
16032,17,34,604,638
16033,18,19,523,542
16034,19,11,361,372
16035,20,13,228,241
16036,21,8,144,152
16037,22,4,111,115
16038,23,0,53,53
16039,0,1,18,19
16040,1,0,8,8
16041,2,0,2,2
16042,3,0,4,4
16043,4,0,7,7
16044,5,1,40,41
16045,6,6,143,149
16046,7,9,378,387
16047,8,20,568,588
16048,9,25,338,363
16049,10,41,189,230
16050,11,39,177,216
16051,12,31,217,248
16052,13,46,232,278
16053,14,44,196,240
16054,15,45,227,272
16055,16,33,369,402
16056,17,30,597,627
16057,18,20,477,497
16058,19,15,356,371
16059,20,10,218,228
16060,21,14,137,151
16061,22,17,136,153
16062,23,19,186,205
16063,0,49,234,283
16064,1,6,86,92
16065,2,6,68,74
16066,3,2,9,11
16067,4,0,9,9
16068,5,0,27,27
16069,6,3,115,118
16070,7,5,314,319
16071,8,18,583,601
16072,9,17,351,368
16073,10,27,151,178
16074,11,15,132,147
16075,12,24,188,212
16076,13,23,158,181
16077,14,19,142,161
16078,15,20,178,198
16079,16,23,250,273
16080,17,16,501,517
16081,18,17,448,465
16082,19,17,302,319
16083,20,7,249,256
16084,21,5,121,126
16085,22,4,56,60
16086,23,3,37,40
16087,0,1,14,15
16088,1,1,11,12
16089,2,1,5,6
16090,4,1,9,10
16091,5,0,35,35
16092,6,2,122,124
16093,7,12,411,423
16094,8,16,652,668
16095,9,22,253,275
16096,10,13,148,161
16097,11,16,155,171
16098,12,33,202,235
16099,13,33,195,228
16100,14,33,149,182
16101,15,32,201,233
16102,16,18,321,339
16103,17,36,556,592
16104,18,16,491,507
16105,19,14,359,373
16106,20,10,235,245
16107,21,11,222,233
16108,22,14,147,161
16109,23,5,82,87
16110,0,9,46,55
16111,1,3,17,20
16112,2,1,11,12
16113,3,3,6,9
16114,4,0,14,14
16115,5,2,25,27
16116,6,5,126,131
16117,7,9,332,341
16118,8,25,668,693
16119,9,23,304,327
16120,10,34,163,197
16121,11,66,185,251
16122,12,48,214,262
16123,13,62,237,299
16124,14,67,207,274
16125,15,78,278,356
16126,16,57,377,434
16127,17,61,593,654
16128,18,46,450,496
16129,19,30,331,361
16130,20,20,235,255
16131,21,23,176,199
16132,22,17,146,163
16133,23,20,142,162
16134,0,16,106,122
16135,1,8,68,76
16136,2,2,42,44
16137,3,9,11,20
16138,4,2,4,6
16139,5,1,9,10
16140,6,5,11,16
16141,7,14,57,71
16142,8,16,130,146
16143,9,43,216,259
16144,10,86,264,350
16145,11,143,323,466
16146,12,258,348,606
16147,13,268,383,651
16148,14,280,347,627
16149,15,216,351,567
16150,16,227,378,605
16151,17,183,318,501
16152,18,103,256,359
16153,19,55,228,283
16154,20,39,153,192
16155,21,51,169,220
16156,22,39,154,193
16157,23,26,120,146
16158,0,14,110,124
16159,1,26,82,108
16160,2,12,58,70
16161,3,9,39,48
16162,4,5,6,11
16163,5,0,12,12
16164,6,3,16,19
16165,7,12,56,68
16166,8,32,87,119
16167,9,94,179,273
16168,10,133,272,405
16169,11,180,324,504
16170,12,195,390,585
16171,13,262,424,686
16172,14,292,362,654
16173,15,304,420,724
16174,16,260,393,653
16175,17,151,342,493
16176,18,102,303,405
16177,19,69,208,277
16178,20,54,146,200
16179,21,44,127,171
16180,22,21,113,134
16181,23,16,93,109
16182,0,6,43,49
16183,1,4,26,30
16184,2,6,14,20
16185,3,1,3,4
16186,4,1,3,4
16187,5,1,23,24
16188,6,7,64,71
16189,7,16,248,264
16190,8,50,490,540
16191,9,60,337,397
16192,10,82,184,266
16193,11,112,255,367
16194,12,105,314,419
16195,13,108,312,420
16196,14,134,310,444
16197,15,102,280,382
16198,16,87,347,434
16199,17,66,530,596
16200,18,65,486,551
16201,19,30,323,353
16202,20,31,273,304
16203,21,10,145,155
16204,22,12,100,112
16205,23,1,62,63
16206,0,5,18,23
16207,1,0,5,5
16208,2,7,4,11
16209,3,2,3,5
16210,4,0,9,9
16211,5,0,18,18
16212,6,2,48,50
16213,7,1,106,107
16214,8,4,207,211
16215,9,1,109,110
16216,10,10,84,94
16217,11,22,133,155
16218,12,16,180,196
16219,13,30,188,218
16220,14,34,169,203
16221,15,33,184,217
16222,16,28,282,310
16223,17,33,575,608
16224,18,45,514,559
16225,19,12,344,356
16226,20,12,211,223
16227,21,9,178,187
16228,22,15,120,135
16229,23,6,78,84
16230,0,4,20,24
16231,1,2,10,12
16232,2,0,1,1
16233,3,0,5,5
16234,4,0,6,6
16235,5,0,39,39
16236,6,4,142,146
16237,7,10,405,415
16238,8,27,664,691
16239,9,22,310,332
16240,10,18,153,171
16241,11,25,126,151
16242,12,40,200,240
16243,13,32,182,214
16244,14,20,161,181
16245,15,32,228,260
16246,16,31,290,321
16247,17,19,564,583
16248,18,24,543,567
16249,19,28,368,396
16250,20,15,252,267
16251,21,5,208,213
16252,22,6,167,173
16253,23,9,78,87
16254,0,1,33,34
16255,1,2,14,16
16256,2,0,7,7
16257,3,0,2,2
16258,4,0,5,5
16259,5,3,34,37
16260,6,1,146,147
16261,7,7,403,410
16262,8,21,625,646
16263,9,17,306,323
16264,10,11,142,153
16265,11,28,138,166
16266,12,29,184,213
16267,13,20,197,217
16268,14,27,174,201
16269,15,26,191,217
16270,16,24,318,342
16271,17,22,541,563
16272,18,10,563,573
16273,19,11,375,386
16274,20,23,262,285
16275,21,20,204,224
16276,22,10,143,153
16277,23,7,118,125
16278,0,7,58,65
16279,1,5,16,21
16280,2,0,9,9
16281,3,0,6,6
16282,4,0,5,5
16283,5,2,34,36
16284,6,4,126,130
16285,7,5,362,367
16286,8,17,694,711
16287,9,21,330,351
16288,10,33,165,198
16289,11,33,185,218
16290,12,28,262,290
16291,13,52,226,278
16292,14,47,204,251
16293,15,30,237,267
16294,16,33,350,383
16295,17,41,539,580
16296,18,22,483,505
16297,19,26,306,332
16298,20,20,207,227
16299,21,21,157,178
16300,22,23,139,162
16301,23,14,114,128
16302,0,11,95,106
16303,1,13,74,87
16304,2,8,41,49
16305,3,2,19,21
16306,4,1,6,7
16307,5,1,10,11
16308,6,0,21,21
16309,7,8,70,78
16310,8,30,138,168
16311,9,48,200,248
16312,10,62,258,320
16313,11,80,343,423
16314,12,117,359,476
16315,13,179,346,525
16316,14,175,380,555
16317,15,175,374,549
16318,16,144,325,469
16319,17,101,302,403
16320,18,34,237,271
16321,19,45,208,253
16322,20,30,142,172
16323,21,15,124,139
16324,22,15,130,145
16325,23,19,114,133
16326,0,11,118,129
16327,1,14,81,95
16328,2,8,65,73
16329,3,9,37,46
16330,4,4,8,12
16331,5,5,7,12
16332,6,2,13,15
16333,7,3,39,42
16334,8,19,100,119
16335,9,49,155,204
16336,10,79,250,329
16337,11,92,267,359
16338,12,101,341,442
16339,13,113,334,447
16340,14,125,303,428
16341,15,89,318,407
16342,16,59,313,372
16343,17,48,232,280
16344,18,36,240,276
16345,19,16,194,210
16346,20,9,120,129
16347,21,17,93,110
16348,22,8,66,74
16349,23,6,53,59
16350,0,5,22,27
16351,1,0,19,19
16352,2,0,5,5
16353,3,0,2,2
16354,4,1,11,12
16355,5,1,38,39
16356,6,3,128,131
16357,7,5,381,386
16358,8,13,650,663
16359,9,18,260,278
16360,10,33,106,139
16361,11,33,164,197
16362,12,35,207,242
16363,13,46,205,251
16364,14,47,170,217
16365,15,44,213,257
16366,16,55,325,380
16367,17,33,586,619
16368,18,21,559,580
16369,19,25,381,406
16370,20,7,252,259
16371,21,15,188,203
16372,22,7,106,113
16373,23,2,72,74
16374,0,3,26,29
16375,1,3,10,13
16376,2,0,5,5
16377,3,0,2,2
16378,4,0,6,6
16379,5,2,32,34
16380,6,2,146,148
16381,7,7,411,418
16382,8,16,649,665
16383,9,28,298,326
16384,10,32,144,176
16385,11,45,160,205
16386,12,70,243,313
16387,13,49,218,267
16388,14,47,177,224
16389,15,61,226,287
16390,16,60,335,395
16391,17,37,553,590
16392,18,16,534,550
16393,19,23,361,384
16394,20,11,224,235
16395,21,14,143,157
16396,22,7,115,122
16397,23,1,82,83
16398,0,1,25,26
16399,1,1,13,14
16400,2,2,6,8
16401,3,0,2,2
16402,4,0,10,10
16403,5,1,28,29
16404,6,2,99,101
16405,7,11,262,273
16406,8,12,539,551
16407,9,45,320,365
16408,10,22,150,172
16409,11,43,198,241
16410,12,74,270,344
16411,13,70,295,365
16412,14,84,329,413
16413,15,68,381,449
16414,16,59,410,469
16415,17,41,333,374
16416,18,24,287,311
16417,19,23,220,243
16418,20,11,125,136
16419,21,8,97,105
16420,22,6,82,88
16421,23,7,50,57
16422,0,3,43,46
16423,1,5,37,42
16424,2,3,15,18
16425,3,0,6,6
16426,4,1,2,3
16427,5,2,6,8
16428,6,2,15,17
16429,7,7,49,56
16430,8,20,77,97
16431,9,25,94,119
16432,10,65,154,219
16433,11,89,143,232
16434,12,117,145,262
16435,13,125,144,269
16436,14,125,95,220
16437,15,132,96,228
16438,16,101,81,182
16439,17,66,43,109
16440,18,16,54,70
16441,19,13,31,44
16442,20,15,37,52
16443,21,7,39,46
16444,22,8,36,44
16445,23,8,28,36
16446,0,0,32,32
16447,1,2,11,13
16448,2,1,4,5
16449,3,1,0,1
16450,4,1,3,4
16451,5,0,10,10
16452,6,0,20,20
16453,7,5,72,77
16454,8,11,83,94
16455,9,32,80,112
16456,10,87,114,201
16457,11,121,130,251
16458,12,186,193,379
16459,13,224,200,424
16460,14,240,195,435
16461,15,233,214,447
16462,16,158,199,357
16463,17,117,183,300
16464,18,50,158,208
16465,19,33,121,154
16466,20,42,100,142
16467,21,23,75,98
16468,22,16,63,79
16469,23,20,47,67
16470,0,9,33,42
16471,1,1,19,20
16472,2,10,22,32
16473,3,6,5,11
16474,4,1,2,3
16475,5,1,2,3
16476,6,1,9,10
16477,7,4,21,25
16478,8,7,55,62
16479,9,26,96,122
16480,10,46,96,142
16481,11,55,131,186
16482,12,53,146,199
16483,13,64,161,225
16484,14,58,149,207
16485,15,59,139,198
16486,16,43,127,170
16487,17,29,97,126
16488,18,22,123,145
16489,19,9,74,83
16490,20,3,55,58
16491,21,9,66,75
16492,22,7,69,76
16493,23,9,48,57
16494,0,3,31,34
16495,1,4,32,36
16496,2,1,27,28
16497,3,0,8,8
16498,4,1,1,2
16499,5,0,3,3
16500,6,1,10,11
16501,7,2,19,21
16502,8,2,32,34
16503,9,13,83,96
16504,10,15,124,139
16505,11,49,155,204
16506,12,37,165,202
16507,13,37,158,195
16508,14,33,170,203
16509,15,36,209,245
16510,16,25,203,228
16511,17,11,170,181
16512,18,9,132,141
16513,19,13,114,127
16514,20,9,110,119
16515,21,4,60,64
16516,22,3,59,62
16517,23,1,40,41
16518,0,4,19,23
16519,1,1,9,10
16520,2,0,5,5
16521,3,1,4,5
16522,4,0,10,10
16523,5,0,41,41
16524,6,1,123,124
16525,7,2,363,365
16526,8,9,629,638
16527,9,10,276,286
16528,10,20,127,147
16529,11,18,112,130
16530,12,22,188,210
16531,13,20,197,217
16532,14,51,177,228
16533,15,49,181,230
16534,16,49,297,346
16535,17,13,540,553
16536,18,19,502,521
16537,19,16,355,371
16538,20,12,265,277
16539,21,9,172,181
16540,22,3,101,104
16541,23,8,57,65
16542,0,2,24,26
16543,1,0,6,6
16544,2,0,5,5
16545,3,1,3,4
16546,4,0,5,5
16547,5,0,31,31
16548,6,3,97,100
16549,7,4,289,293
16550,8,6,494,500
16551,9,11,257,268
16552,10,5,52,57
16553,11,6,59,65
16554,12,6,70,76
16555,13,4,73,77
16556,14,8,86,94
16557,15,9,146,155
16558,16,5,252,257
16559,17,13,514,527
16560,18,13,469,482
16561,19,12,338,350
16562,20,4,228,232
16563,21,6,179,185
16564,22,2,95,97
16565,23,3,64,67
16566,0,1,22,23
16567,1,0,12,12
16568,2,0,1,1
16569,3,0,3,3
16570,4,0,4,4
16571,5,0,39,39
16572,6,4,132,136
16573,7,6,403,409
16574,8,9,683,692
16575,9,13,309,322
16576,10,17,144,161
16577,11,19,127,146
16578,12,19,189,208
16579,13,21,193,214
16580,14,15,161,176
16581,15,7,172,179
16582,16,9,316,325
16583,17,17,546,563
16584,18,12,530,542
16585,19,9,378,387
16586,20,5,258,263
16587,21,4,219,223
16588,22,6,148,154
16589,23,5,73,78
16590,0,4,25,29
16591,1,1,15,16
16592,2,1,6,7
16593,4,0,7,7
16594,5,0,42,42
16595,6,1,120,121
16596,7,8,354,362
16597,8,15,664,679
16598,9,13,286,299
16599,10,25,153,178
16600,11,13,150,163
16601,12,11,225,236
16602,13,15,209,224
16603,14,13,174,187
16604,15,19,201,220
16605,16,24,346,370
16606,17,17,544,561
16607,18,17,520,537
16608,19,18,326,344
16609,20,11,241,252
16610,21,7,201,208
16611,22,4,147,151
16612,23,6,124,130
16613,0,4,48,52
16614,1,2,17,19
16615,2,2,10,12
16616,3,0,4,4
16617,4,0,3,3
16618,5,1,39,40
16619,6,2,104,106
16620,7,6,346,352
16621,8,20,709,729
16622,9,17,313,330
16623,10,10,159,169
16624,11,31,170,201
16625,12,25,243,268
16626,13,21,241,262
16627,14,26,225,251
16628,15,34,262,296
16629,16,37,368,405
16630,17,31,551,582
16631,18,20,489,509
16632,19,18,359,377
16633,20,12,233,245
16634,21,14,169,183
16635,22,18,145,163
16636,23,11,99,110
16637,0,9,99,108
16638,1,5,64,69
16639,2,3,47,50
16640,3,1,14,15
16641,4,0,5,5
16642,5,1,12,13
16643,6,7,20,27
16644,7,7,56,63
16645,8,11,133,144
16646,9,34,159,193
16647,10,45,211,256
16648,11,74,318,392
16649,12,119,327,446
16650,13,123,386,509
16651,14,110,369,479
16652,15,113,371,484
16653,16,89,354,443
16654,17,50,270,320
16655,18,42,255,297
16656,19,30,219,249
16657,20,28,170,198
16658,21,23,135,158
16659,22,17,130,147
16660,23,10,116,126
16661,0,9,108,117
16662,1,10,84,94
16663,2,2,72,74
16664,3,4,21,25
16665,4,1,6,7
16666,5,1,7,8
16667,6,1,15,16
16668,7,5,26,31
16669,8,12,81,93
16670,9,37,135,172
16671,10,63,230,293
16672,11,81,274,355
16673,12,111,409,520
16674,13,84,347,431
16675,14,142,331,473
16676,15,106,311,417
16677,16,85,358,443
16678,17,59,244,303
16679,18,25,178,203
16680,19,16,158,174
16681,20,12,142,154
16682,21,8,91,99
16683,22,11,85,96
16684,23,7,44,51
16685,0,3,18,21
16686,1,2,11,13
16687,2,1,9,10
16688,3,2,6,8
16689,4,1,4,5
16690,5,0,38,38
16691,6,2,136,138
16692,7,9,387,396
16693,8,19,712,731
16694,9,19,289,308
16695,10,31,105,136
16696,11,51,182,233
16697,12,40,228,268
16698,13,81,240,321
16699,14,51,209,260
16700,15,58,210,268
16701,16,45,397,442
16702,17,43,665,708
16703,18,26,666,692
16704,19,27,444,471
16705,20,16,284,300
16706,21,14,207,221
16707,22,5,139,144
16708,23,9,93,102
16709,0,6,49,55
16710,1,3,22,25
16711,2,3,5,8
16712,3,1,3,4
16713,4,0,7,7
16714,5,1,45,46
16715,6,3,150,153
16716,7,7,495,502
16717,8,21,700,721
16718,9,19,317,336
16719,10,26,130,156
16720,11,24,183,207
16721,12,39,273,312
16722,13,39,233,272
16723,14,39,231,270
16724,15,56,244,300
16725,16,44,391,435
16726,17,43,700,743
16727,18,38,693,731
16728,19,46,414,460
16729,20,34,272,306
16730,21,28,252,280
16731,22,26,155,181
16732,23,5,91,96
16733,0,6,31,37
16734,1,0,11,11
16735,2,2,7,9
16736,3,0,7,7
16737,4,1,9,10
16738,5,1,48,49
16739,6,5,119,124
16740,7,9,389,398
16741,8,22,737,759
16742,9,26,362,388
16743,10,14,127,141
16744,11,11,161,172
16745,12,24,208,232
16746,13,14,200,214
16747,14,39,179,218
16748,15,20,265,285
16749,16,23,354,377
16750,17,29,576,605
16751,18,29,580,609
16752,19,14,400,414
16753,20,19,274,293
16754,21,14,184,198
16755,22,4,101,105
16756,23,5,69,74
16757,0,1,43,44
16758,1,0,16,16
16759,2,0,9,9
16760,3,0,2,2
16761,4,1,8,9
16762,5,0,32,32
16763,6,2,122,124
16764,7,8,381,389
16765,8,13,646,659
16766,9,19,257,276
16767,10,23,122,145
16768,11,16,162,178
16769,12,29,206,235
16770,13,33,212,245
16771,14,37,175,212
16772,15,38,232,270
16773,16,39,292,331
16774,17,31,586,617
16775,18,23,542,565
16776,19,13,360,373
16777,20,5,222,227
16778,21,7,184,191
16779,22,2,131,133
16780,23,0,93,93
16781,0,3,45,48
16782,1,2,26,28
16783,2,0,11,11
16784,3,0,5,5
16785,4,0,10,10
16786,5,1,25,26
16787,6,0,84,84
16788,7,3,212,215
16789,8,11,430,441
16790,9,10,291,301
16791,10,16,150,166
16792,11,20,183,203
16793,12,36,204,240
16794,13,23,197,220
16795,14,40,175,215
16796,15,34,269,303
16797,16,39,336,375
16798,17,29,539,568
16799,18,25,473,498
16800,19,15,337,352
16801,20,12,229,241
16802,21,9,162,171
16803,22,15,150,165
16804,23,6,116,122
16805,0,5,98,103
16806,1,16,84,100
16807,2,3,67,70
16808,3,6,23,29
16809,4,3,9,12
16810,5,2,4,6
16811,6,1,19,20
16812,7,3,36,39
16813,8,5,106,111
16814,9,17,153,170
16815,10,43,244,287
16816,11,63,341,404
16817,12,122,364,486
16818,13,148,399,547
16819,14,164,378,542
16820,15,167,374,541
16821,16,139,368,507
16822,17,77,268,345
16823,18,40,264,304
16824,19,34,212,246
16825,20,20,162,182
16826,21,34,175,209
16827,22,23,137,160
16828,23,18,144,162
16829,0,15,103,118
16830,1,17,85,102
16831,2,8,70,78
16832,3,14,34,48
16833,4,1,11,12
16834,5,0,8,8
16835,6,0,6,6
16836,7,1,22,23
16837,8,1,68,69
16838,9,9,94,103
16839,10,39,180,219
16840,11,40,210,250
16841,12,60,255,315
16842,13,65,220,285
16843,14,42,190,232
16844,15,25,200,225
16845,16,33,220,253
16846,17,20,209,229
16847,18,17,181,198
16848,19,12,110,122
16849,20,6,102,108
16850,21,10,86,96
16851,22,3,75,78
16852,23,3,48,51
16853,0,0,20,20
16854,1,0,4,4
16855,2,2,3,5
16856,3,0,4,4
16857,4,3,9,12
16858,5,0,27,27
16859,6,2,121,123
16860,7,3,291,294
16861,8,9,575,584
16862,9,11,273,284
16863,10,12,121,133
16864,11,8,126,134
16865,12,23,150,173
16866,13,30,190,220
16867,14,31,179,210
16868,15,29,207,236
16869,16,37,308,345
16870,17,38,578,616
16871,18,20,544,564
16872,19,18,409,427
16873,20,13,287,300
16874,21,21,224,245
16875,22,11,115,126
16876,23,8,76,84
16877,0,2,29,31
16878,1,1,7,8
16879,2,0,1,1
16880,3,0,3,3
16881,4,0,8,8
16882,5,1,40,41
16883,6,0,118,118
16884,7,8,372,380
16885,8,16,708,724
16886,9,12,322,334
16887,10,12,142,154
16888,11,28,145,173
16889,12,13,213,226
16890,13,28,226,254
16891,14,19,185,204
16892,15,20,250,270
16893,16,24,334,358
16894,17,21,580,601
16895,18,23,523,546
16896,19,21,412,433
16897,20,9,248,257
16898,21,14,193,207
16899,22,6,100,106
16900,23,4,60,64
16901,0,1,33,34
16902,1,3,18,21
16903,2,5,4,9
16904,3,3,7,10
16905,4,0,4,4
16906,5,0,37,37
16907,6,2,126,128
16908,7,3,366,369
16909,8,18,670,688
16910,9,13,272,285
16911,10,20,116,136
16912,11,24,148,172
16913,12,14,218,232
16914,13,18,220,238
16915,14,34,191,225
16916,15,21,207,228
16917,16,19,310,329
16918,17,21,540,561
16919,18,25,515,540
16920,19,18,384,402
16921,20,25,243,268
16922,21,16,186,202
16923,22,4,118,122
16924,23,3,76,79
16925,0,1,31,32
16926,1,4,19,23
16927,2,3,5,8
16928,3,0,2,2
16929,4,0,8,8
16930,5,2,31,33
16931,6,2,112,114
16932,7,5,380,385
16933,8,24,655,679
16934,9,25,300,325
16935,10,28,139,167
16936,11,25,164,189
16937,12,30,252,282
16938,13,41,230,271
16939,14,31,211,242
16940,15,40,240,280
16941,16,50,356,406
16942,17,43,507,550
16943,18,20,446,466
16944,19,20,328,348
16945,20,6,235,241
16946,21,13,200,213
16947,22,7,141,148
16948,23,5,115,120
16949,0,4,43,47
16950,1,0,26,26
16951,2,3,6,9
16952,3,0,12,12
16953,4,1,9,10
16954,5,0,34,34
16955,6,1,112,113
16956,7,3,305,308
16957,8,13,623,636
16958,9,13,330,343
16959,10,28,162,190
16960,11,31,180,211
16961,12,29,244,273
16962,13,39,274,313
16963,14,48,251,299
16964,15,57,252,309
16965,16,45,372,417
16966,17,40,582,622
16967,18,23,432,455
16968,19,17,302,319
16969,20,12,209,221
16970,21,7,165,172
16971,22,4,134,138
16972,23,11,123,134
16973,0,4,90,94
16974,1,9,86,95
16975,2,6,63,69
16976,3,5,18,23
16977,4,1,5,6
16978,5,0,3,3
16979,6,0,11,11
16980,7,1,47,48
16981,8,8,111,119
16982,9,17,203,220
16983,10,23,250,273
16984,11,66,327,393
16985,12,89,364,453
16986,13,88,368,456
16987,14,92,334,426
16988,15,95,352,447
16989,16,85,328,413
16990,17,35,274,309
16991,18,40,232,272
16992,19,32,225,257
16993,20,23,178,201
16994,21,15,169,184
16995,22,22,134,156
16996,23,11,108,119
16997,0,8,102,110
16998,1,14,82,96
16999,2,8,79,87
17000,3,1,37,38
17001,4,1,10,11
17002,5,0,9,9
17003,6,0,6,6
17004,7,5,22,27
17005,8,12,76,88
17006,9,19,113,132
17007,10,42,215,257
17008,11,47,248,295
17009,12,67,350,417
17010,13,67,289,356
17011,14,50,260,310
17012,15,46,292,338
17013,16,66,334,400
17014,17,29,214,243
17015,18,8,99,107
17016,19,10,99,109
17017,20,14,108,122
17018,21,14,92,106
17019,22,6,83,89
17020,23,4,29,33
17021,0,2,26,28
17022,1,1,14,15
17023,2,1,4,5
17024,3,0,3,3
17025,4,2,3,5
17026,5,0,24,24
17027,6,1,107,108
17028,7,5,314,319
17029,8,10,582,592
17030,9,11,271,282
17031,10,15,120,135
17032,11,22,148,170
17033,12,21,211,232
17034,13,16,194,210
17035,14,12,169,181
17036,15,15,196,211
17037,16,15,287,302
17038,17,17,478,495
17039,18,14,493,507
17040,19,7,333,340
17041,20,8,192,200
17042,21,6,114,120
17043,22,5,49,54
17044,23,6,41,47
17045,0,0,18,18
17046,1,0,15,15
17047,2,2,5,7
17048,3,0,5,5
17049,4,3,5,8
17050,5,0,36,36
17051,6,1,117,118
17052,7,4,351,355
17053,8,10,652,662
17054,9,19,307,326
17055,10,22,162,184
17056,11,58,211,269
17057,12,49,264,313
17058,13,51,235,286
17059,14,56,191,247
17060,15,28,218,246
17061,16,40,323,363
17062,17,39,533,572
17063,18,13,512,525
17064,19,19,334,353
17065,20,4,264,268
17066,21,9,159,168
17067,22,5,127,132
17068,23,1,80,81
17069,0,6,35,41
17070,1,1,14,15
17071,2,1,2,3
17072,3,0,5,5
17073,4,1,6,7
17074,5,2,29,31
17075,6,3,109,112
17076,7,3,360,363
17077,8,13,665,678
17078,9,8,309,317
17079,10,17,147,164
17080,11,31,169,200
17081,12,33,203,236
17082,13,30,183,213
17083,14,33,185,218
17084,15,28,209,237
17085,16,37,297,334
17086,17,26,536,562
17087,18,23,546,569
17088,19,7,329,336
17089,20,10,231,241
17090,21,4,164,168
17091,22,12,117,129
17092,23,4,84,88
17093,0,2,40,42
17094,1,1,19,20
17095,2,2,6,8
17096,3,1,3,4
17097,4,0,6,6
17098,5,0,35,35
17099,6,4,114,118
17100,7,4,346,350
17101,8,14,585,599
17102,9,14,303,317
17103,10,23,138,161
17104,11,22,168,190
17105,12,31,181,212
17106,13,46,171,217
17107,14,43,171,214
17108,15,33,216,249
17109,16,21,281,302
17110,17,25,450,475
17111,18,22,359,381
17112,19,3,115,118
17113,20,1,49,50
17114,21,1,25,26
17115,22,1,20,21
17116,23,0,13,13
17117,0,0,17,17
17118,1,2,7,9
17119,2,0,3,3
17120,3,0,3,3
17121,4,1,5,6
17122,5,0,13,13
17123,6,4,76,80
17124,7,3,205,208
17125,8,8,464,472
17126,9,2,265,267
17127,10,8,146,154
17128,11,12,150,162
17129,12,25,199,224
17130,13,26,214,240
17131,14,20,199,219
17132,15,29,234,263
17133,16,28,253,281
17134,17,24,297,321
17135,18,7,236,243
17136,19,5,148,153
17137,20,8,104,112
17138,21,2,68,70
17139,22,6,57,63
17140,23,1,39,40
17141,0,1,30,31
17142,1,1,34,35
17143,2,0,23,23
17144,3,0,7,7
17145,4,3,2,5
17146,5,0,5,5
17147,6,0,13,13
17148,7,2,18,20
17149,8,0,29,29
17150,9,13,77,90
17151,10,13,105,118
17152,11,29,130,159
17153,12,18,128,146
17154,13,23,135,158
17155,14,20,141,161
17156,15,14,139,153
17157,16,23,124,147
17158,17,15,99,114
17159,18,7,75,82
17160,19,9,51,60
17161,20,6,55,61
17162,21,4,49,53
17163,22,1,38,39
17164,23,3,37,40
17165,0,3,24,27
17166,1,1,19,20
17167,2,1,17,18
17168,3,0,9,9
17169,4,1,3,4
17170,5,0,6,6
17171,6,4,5,9
17172,7,3,16,19
17173,8,5,43,48
17174,9,7,49,56
17175,10,26,67,93
17176,11,48,104,152
17177,12,52,144,196
17178,13,63,123,186
17179,14,57,118,175
17180,15,39,98,137
17181,16,53,137,190
17182,17,21,93,114
17183,18,8,85,93
17184,19,4,54,58
17185,20,0,52,52
17186,21,4,38,42
17187,22,5,53,58
17188,23,3,22,25
17189,0,0,12,12
17190,1,0,11,11
17191,2,0,5,5
17192,3,1,2,3
17193,5,0,9,9
17194,6,1,16,17
17195,7,3,27,30
17196,8,4,62,66
17197,9,17,68,85
17198,10,21,82,103
17199,11,20,104,124
17200,12,22,113,135
17201,13,16,54,70
17202,14,13,33,46
17203,15,6,27,33
17204,16,6,27,33
17205,17,7,19,26
17206,18,6,20,26
17207,19,4,14,18
17208,20,6,17,23
17209,21,13,9,22
17210,22,7,5,12
17211,23,1,10,11
17212,0,3,10,13
17213,1,0,13,13
17214,2,0,7,7
17215,4,0,1,1
17216,5,2,1,3
17217,6,1,6,7
17218,7,0,6,6
17219,8,1,10,11
17220,9,7,21,28
17221,10,11,21,32
17222,11,43,43,86
17223,12,62,52,114
17224,13,75,46,121
17225,14,58,68,126
17226,15,51,56,107
17227,16,48,38,86
17228,17,16,34,50
17229,18,20,23,43
17230,19,16,20,36
17231,20,11,29,40
17232,21,8,26,34
17233,22,3,16,19
17234,23,4,26,30
17235,0,1,8,9
17236,1,0,7,7
17237,2,0,1,1
17238,3,0,2,2
17239,4,0,2,2
17240,5,0,11,11
17241,6,0,36,36
17242,7,0,26,26
17243,8,0,31,31
17244,9,1,22,23
17245,10,0,8,8
17246,11,0,10,10
17247,12,0,10,10
17248,13,0,15,15
17249,14,0,20,20
17250,15,0,13,13
17251,16,0,13,13
17252,17,2,51,53
17253,18,1,42,43
17254,19,2,33,35
17255,20,0,32,32
17256,21,0,20,20
17257,22,0,11,11
17258,23,2,8,10
17259,0,0,3,3
17260,1,0,5,5
17261,2,0,2,2
17262,3,0,1,1
17263,4,0,3,3
17264,5,1,10,11
17265,6,0,45,45
17266,7,0,90,90
17267,8,2,206,208
17268,9,6,127,133
17269,10,8,67,75
17270,11,23,80,103
17271,12,22,87,109
17272,13,19,99,118
17273,14,25,94,119
17274,15,31,89,120
17275,16,23,151,174
17276,17,30,227,257
17277,18,9,188,197
17278,19,11,106,117
17279,20,12,79,91
17280,21,12,51,63
17281,22,11,33,44
17282,23,2,24,26
17283,0,3,22,25
17284,1,0,9,9
17285,2,0,5,5
17286,3,0,2,2
17287,4,0,4,4
17288,5,0,15,15
17289,6,2,49,51
17290,7,1,111,112
17291,8,1,238,239
17292,9,18,173,191
17293,10,77,85,162
17294,11,71,107,178
17295,12,72,150,222
17296,13,76,146,222
17297,14,84,177,261
17298,15,74,151,225
17299,16,42,208,250
17300,17,43,228,271
17301,18,16,197,213
17302,19,15,113,128
17303,20,14,83,97
17304,21,17,75,92
17305,22,13,49,62
17306,23,5,54,59
17307,0,1,25,26
17308,1,6,31,37
17309,2,1,18,19
17310,3,1,5,6
17311,4,0,3,3
17312,5,0,3,3
17313,6,0,7,7
17314,7,1,17,18
17315,8,9,35,44
17316,9,16,33,49
17317,10,6,35,41
17318,11,7,38,45
17319,12,5,43,48
17320,13,13,71,84
17321,14,10,88,98
17322,15,19,110,129
17323,16,22,125,147
17324,17,18,100,118
17325,18,8,102,110
17326,19,7,90,97
17327,20,2,64,66
17328,21,4,56,60
17329,22,3,51,54
17330,23,0,32,32
17331,0,0,41,41
17332,1,1,27,28
17333,2,0,19,19
17334,3,1,14,15
17335,4,0,7,7
17336,5,0,2,2
17337,6,1,7,8
17338,7,0,13,13
17339,8,1,32,33
17340,9,9,65,74
17341,10,31,91,122
17342,11,33,103,136
17343,12,47,97,144
17344,13,49,120,169
17345,14,39,121,160
17346,15,37,101,138
17347,16,31,102,133
17348,17,26,97,123
17349,18,12,113,125
17350,19,16,86,102
17351,20,9,63,72
17352,21,5,42,47
17353,22,6,30,36
17354,23,10,39,49
17355,0,4,30,34
17356,1,6,13,19
17357,2,3,8,11
17358,3,0,1,1
17359,4,0,3,3
17360,5,0,9,9
17361,6,0,40,40
17362,7,2,83,85
17363,8,9,187,196
17364,9,13,144,157
17365,10,33,87,120
17366,11,43,114,157
17367,12,52,172,224
17368,13,38,165,203
17369,14,62,185,247
17370,15,69,246,315
17371,16,30,184,214
17372,17,14,150,164
17373,18,10,112,122
17374,19,11,108,119
17375,20,8,81,89
17376,21,7,83,90
17377,22,13,48,61
17378,23,12,37,49
